-0.485017   0.492641   0.478377
-0.345267   -0.312865   0.498078
0.494273   -0.316036   -0.341388
-0.350006   -0.49689   -0.321741
-0.185452   -0.493471   0.47542
0.0045627   -0.334023   -0.495368
-0.193274   -0.341793   -0.33184
-0.0350999   -0.486637   -0.327702
0.127923   0.476149   -0.499512
0.326578   -0.360173   0.478286
0.163818   -0.343825   -0.343981
0.307713   -0.486333   -0.330806
0.467832   -0.156342   -0.491628
-0.297907   -0.0234944   -0.479038
-0.483462   -0.00195655   -0.359862
-0.309246   -0.155196   -0.303977
-0.146687   -0.17016   -0.487631
0.0184347   -0.00350876   0.49535
-0.142055   0.00170732   -0.32991
0.0182632   -0.163159   -0.320246
0.15934   -0.179137   -0.495094
0.317947   0.00244636   -0.478474
0.168388   -0.0218059   -0.325061
0.325511   -0.175484   -0.328306
0.466043   0.163628   0.479935
-0.348016   0.314997   0.498618
0.495568   0.328461   -0.345995
-0.348607   0.165036   -0.329195
-0.155392   0.149107   -0.484071
-0.0294527   0.321062   -0.47474
-0.174843   0.344157   -0.314238
0.0128206   0.146564   -0.330503
0.164294   0.167824   -0.49097
0.332849   0.36312   -0.475832
0.166287   0.342749   -0.329436
0.330988   0.168391   -0.30317
0.473611   -0.473061   -0.162899
-0.332827   -0.33656   -0.158088
-0.493637   -0.32841   0.00939365
-0.338063   0.48315   -0.0209773
-0.166069   -0.497748   -0.170428
0.00737295   -0.337945   -0.166206
-0.146773   -0.322402   -0.00488633
0.0133156   0.499065   -0.00196546
0.175504   -0.469299   -0.162985
0.320679   -0.32188   -0.165985
0.177919   -0.327099   0.0114856
0.309364   -0.49276   0.0298885
0.499015   -0.185643   -0.182552
-0.327582   0.00110895   -0.148029
0.498281   0.00672713   -0.0101087
-0.335389   -0.169056   -0.00191926
-0.141081   -0.171616   -0.157306
-0.011876   0.00325116   -0.159161
-0.157672   -0.0167637   0.0283634
0.00721236   -0.173286   0.00905665
0.164595   -0.16925   -0.155113
0.350075   -0.0245561   -0.186055
0.162544   -0.0267004   -0.0136847
0.334267   -0.154496   -0.00946681
0.488173   0.167062   -0.159896
-0.353729   0.334979   -0.161511
0.493575   0.324964   0.00372728
-0.325322   0.178692   -0.0153545
-0.171809   0.167426   -0.162479
0.0166225   0.343403   -0.170355
-0.158036   0.334797   -0.0331869
0.0162805   0.180347   -0.015536
0.157372   0.165772   -0.175156
0.350102   0.346821   -0.152798
0.160691   0.347251   -0.00912044
0.333531   0.151808   -0.0229809
-0.486115   0.488078   0.167341
-0.321828   -0.308815   0.170034
-0.496811   -0.34018   0.344027
-0.343761   0.49994   0.318708
-0.179071   -0.498229   0.154833
0.0157871   -0.355727   0.157958
-0.1571   -0.336524   0.329396
-0.00190222   0.491481   0.336566
0.17126   0.472885   0.180696
0.310165   -0.337353   0.184496
0.162854   -0.321835   0.333527
0.351004   0.473932   0.327405
0.497157   -0.158733   0.16235
-0.347726   0.0219389   0.158999
0.494439   0.0154469   0.345524
-0.334744   -0.159468   0.331369
-0.144272   -0.181595   0.181347
0.0102142   0.00661056   0.155208
-0.163986   0.0059849   0.322671
0.0146346   -0.170112   0.333439
0.168499   -0.16082   0.160728
0.320843   0.00935706   0.175617
0.156089   -0.0226133   0.321639
0.333196   -0.163676   0.32779
0.473167   0.154009   0.15234
-0.3272   0.314523   0.145943
-0.493417   0.305702   0.330511
-0.31786   0.175934   0.331889
-0.151962   0.174079   0.174948
-0.0168709   0.332529   0.15109
-0.177479   0.341413   0.332798
0.0118663   0.16722   0.336167
0.18035   0.168548   0.150879
0.335394   0.315966   0.165842
0.181004   0.316532   0.340829
0.324458   0.156837   0.325646
