2.08235
2.02247
1.92275
1.78602
1.61744
1.42555
1.22276
1.02513
0.850444
0.714541
0.627497
0.591114
0.599118
0.639761
0.699234
0.764588
0.825514
0.875002
0.909251
0.927193
0.929874
0.919883
0.900779
0.876566
0.851309
0.828693
0.811897
0.803597
0.805938
0.820433
0.847713
0.887174
0.936645
0.992417
1.04975
1.10371
1.15003
1.18569
1.20919
1.22063
1.22163
1.21488
1.20355
1.19078
1.17894
1.16928
1.16193
1.15617
1.15094
1.14526
1.13846
1.13015
1.12016
1.10862
1.09591
1.08268
1.07004
1.05944
1.05257
1.05086
1.05511
1.06496
1.07886
1.09461
1.11014
1.1242
1.13653
1.14748
1.1574
1.16609
1.17298
1.1773
1.17863
1.17695
1.17271
1.16643
1.15863
1.14942
1.1386
1.12604
1.11226
1.09857
1.08689
1.07912
1.07594
1.07627
1.07764
1.07712
1.07231
1.06191
1.04594
1.02574
1.00372
0.982839
0.965872
0.954871
0.95094
0.95422
0.964086
0.979356
0.998263
1.0185
1.03723
1.05151
1.05878
1.0574
1.04707
1.02894
1.00549
0.980197
0.957084
0.94025
0.933191
0.938122
0.95579
0.985229
1.02408
1.06892
1.11587
1.16099
1.20075
1.23251
1.25463
1.2667
1.26949
1.26469
1.25463
1.24191
1.22872
1.2162
1.20417
1.19143
1.17669
1.15938
1.14015
1.12043
1.10151
1.08397
1.06777
1.05283
1.03918
1.02695
1.01615
1.00675
0.998741
0.992628
0.989349
0.990114
0.995824
1.00666
1.02192
1.04031
1.06038
1.08086
1.10081
1.11932
1.13545
1.14781
1.15463
1.15412
1.14507
1.12782
1.10468
1.07973
1.05766
1.04186
1.0329
1.02876
1.02668
1.02518
1.02466
1.02662
1.03252
1.04272
1.05632
1.07159
1.08689
1.10093
1.11291
1.12215
1.12815
1.13079
1.13044
1.12802
1.12504
1.12306
1.12334
1.12625
1.13125
1.13698
1.14181
1.14448
1.14433
1.14153
1.13669
1.13028
1.12269
1.11434
1.10593
1.09831
1.09234
1.08847
1.08681
1.08702
1.08837
1.08984
1.09061
1.0902
1.08866
1.08643
1.08421
1.08297
1.08342
1.0858
1.08987
1.09488
1.0998
1.10382
1.10659
1.10824
1.1094
1.11064
1.11181
1.11191
1.10927
1.10247
1.09112
1.07606
1.05951
1.04437
1.03348
1.0287
1.03043
1.03751
1.04763
1.058
1.06589
1.06933
1.06728
1.05975
1.04762
1.03249
1.01657
1.0024
0.992836
0.9905
0.997172
1.01321
1.03722
1.06645
1.09746
1.12699
1.15254
1.1726
1.18641
1.19398
1.19576
1.19242
1.18477
1.1738
1.16048
1.14592
1.13105
1.11672
1.10331
1.09083
1.07915
1.0684
1.05943
1.05396
1.05403
1.06104
1.07466
1.09239
1.11021
1.1239
1.1305
1.12925
1.12168
1.11108
1.10118
1.09477
1.093
1.09504
1.09885
1.10212
1.10315
1.10138
1.09743
1.09256
1.08798
1.08418
1.08082
1.07714
1.0726
1.06746
1.0629
1.06072
1.0625
1.06868
1.07792
1.08762
1.09508
1.0983
1.09642
1.0897
1.07926
1.06654
1.05289
1.03935
1.02668
1.01553
1.00656
1.0005
0.998066
0.999961
1.00659
1.01778
1.03285
1.05079
1.07045
1.09068
1.11006
1.12701
1.13966
1.1463
1.14599
1.13912
1.12772
1.11469
1.10281
1.09397
1.08881
1.08722
1.08873
1.09273
1.09858
1.10565
1.11326
1.12058
1.12669
1.13042
1.13051
1.12573
1.11556
1.10038
1.08171
1.06198
1.04395
1.03001
1.02167
1.01925
1.02193
1.02801
1.03535
1.04196
1.04667
1.04949
1.05113
1.05243
1.05385
1.05545
1.05738
1.06025
1.06509
1.07273
1.08335
1.09613
1.1093
1.12076
1.12881
1.13246
1.1315
1.1262
1.11711
1.10511
1.09195
1.08057
1.07427
1.07479
1.08127
1.09105
1.10147
1.11104
1.11941
1.12697
1.13431
1.14198
1.14993
1.15735
1.16293
1.16524
1.16331
1.15675
1.14535
1.1291
1.10835
1.08417
1.05865
1.03469
1.01535
1.00304
0.998906
1.00293
1.0143
1.03147
1.05254
1.07506
1.09612
1.1129
1.12356
1.12779
1.12679
1.12235
1.11582
1.10771
1.09814
1.08748
1.07649
1.06616
1.0575
1.05132
1.0482
1.04855
1.05242
1.0593
1.06811
1.07735
1.08541
1.09095
1.09331
1.09245
1.08893
1.08378
1.07805
1.07231
1.06684
1.06153
1.05629
1.05119
1.04654
1.04279
1.04034
1.03949
1.04027
1.04258
1.0463
1.0513
1.05753
1.06504
1.07392
1.08417
1.09555
1.10723
1.1178
1.12541
1.12816
1.12446
1.11353
1.09582
1.07304
1.04821
1.02508
1.00752
0.998733
1.00062
1.01323
1.03476
1.06218
1.09187
1.12068
1.14654
1.16869
1.18728
1.2026
1.21454
1.22252
1.22566
1.22343
1.21589
1.20354
1.18717
1.16778
1.14636
1.12393
1.1014
1.07971
1.05967
1.04194
1.02733
1.01692
1.0123
1.01516
1.02623
1.0443
1.06585
1.08609
1.10044
1.106
1.10206
1.08989
1.07211
1.05208
1.03333
1.01901
1.01165
1.01292
1.0232
1.04128
1.06429
1.08823
1.10875
1.12204
1.12578
1.11974
1.10642
1.09062
1.07786
1.0717
1.0722
1.07721
1.08456
1.09293
1.10173
1.11039
1.11813
1.12412
1.12788
1.12895
1.12672
1.12032
1.1092
1.09416
1.07767
1.06369
1.0561
1.05731
1.06736
1.08391
1.10309
1.12087
1.13377
1.13953
1.13715
1.12681
1.10993
1.08914
1.06809
1.05091
1.04124
1.04108
1.05
1.06546
1.08406
1.10265
1.11904
1.13206
1.14144
1.14758
1.15134
1.15366
1.15521
1.15601
1.15559
1.15329
1.14854
1.14108
1.13081
1.11768
1.10155
1.08246
1.06119
1.03977
1.02145
1.00986
1.00743
1.01411
1.02737
1.04313
1.0572
1.06613
1.06774
1.06124
1.04747
1.02902
1.00998
0.995004
0.987913
0.990712
1.00327
1.02398
1.05073
1.08136
1.11373
1.14559
1.1745
1.19799
1.21404
1.22141
1.21995
1.2108
1.19598
1.17792
1.15892
1.1408
1.12468
1.11105
1.09946
1.08881
1.07762
1.06446
1.04873
1.0309
1.01263
0.996295
0.984348
0.978541
0.97958
0.987216
1.00059
1.01888
1.04123
1.0666
1.09339
1.11912
1.14081
1.15548
1.16082
1.1557
1.14048
1.11708
1.08854
1.05848
1.03057
1.00797
0.993007
0.986925
0.989826
1.00089
1.01844
1.04059
1.06557
1.09182
1.11803
1.14303
1.16549
1.18402
1.19745
1.20507
1.20694
1.2039
1.19741
1.1891
1.18048
1.17253
1.16518
1.15723
1.14683
1.13206
1.11159
1.08523
1.05415
1.0209
0.989184
0.963129
0.946249
0.940358
0.945085
0.958272
0.97694
0.998237
1.01995
1.04086
1.06068
1.07983
1.09888
1.11802
1.13649
1.15268
1.16461
1.17066
1.17027
1.16408
1.1537
1.14132
1.12898
1.11825
1.11032
1.10603
1.10589
1.11018
1.11866
1.13012
1.14221
1.15187
1.15625
1.15364
1.14366
1.12736
1.10708
1.08584
1.06684
1.05259
1.04458
1.04311
1.04741
1.05592
1.06666
1.07751
1.08664
1.09258
1.09428
1.09114
1.08294
1.07006
1.05367
1.03609
1.02076
1.01111
1.00912
1.01471
1.02643
1.0422
1.05975
1.07671
1.09104
1.10142
1.10732
1.10893
1.10691
1.10218
1.09591
1.08921
1.08301
1.07814
1.07538
1.07544
1.07861
1.0846
1.09235
1.10018
1.10626
1.10917
1.10828
1.10391
1.09722
1.08991
1.08386
1.08055
1.08097
1.08526
1.0927
1.10183
1.11063
1.11694
1.11911
1.11631
1.10869
1.09722
1.08325
1.06839
1.05466
1.04458
1.041
1.0463
1.06157
1.086
1.11696
1.15045
1.18203
1.20769
1.22404
1.22867
1.22013
1.19832
1.16474
1.12248
1.07578
1.02948
0.988051
0.955365
0.934578
0.927681
0.934973
0.954703
0.983412
1.01682
1.05057
1.08079
1.10454
1.12002
1.1267
1.12533
1.11761
1.10598
1.09347
1.0832
1.07784
1.07875
1.0857
1.09727
1.11164
1.12739
1.14348
1.15943
1.17488
1.18936
1.20203
1.21153
1.21631
1.21493
1.20655
1.19125
1.17003
1.14453
1.11687
1.0893
1.06399
1.04265
1.0259
1.01331
1.00404
0.997734
0.995081
0.99751
1.00635
1.02177
1.04219
1.06454
1.08504
1.10033
1.10839
1.10901
1.10329
1.09304
1.08004
1.06565
1.05071
1.03598
1.02228
1.01069
1.00252
0.999143
1.00157
1.01
1.02373
1.04125
1.06047
1.07931
1.09631
1.11081
1.12297
1.13316
1.14156
1.14792
1.15167
1.15239
1.15012
1.14551
1.13986
1.13454
1.13043
1.12745
1.12444
1.1195
1.11084
1.09755
1.08004
1.06014
1.04072
1.02483
1.01481
1.01167
1.01526
1.02478
1.03946
1.05859
1.08148
1.10712
1.13379
1.15899
1.17966
1.19291
1.19671
1.19079
1.17695
1.15865
1.1399
1.12398
1.11254
1.10592
1.10382
1.1059
1.11192
1.12149
1.13342
1.14542
1.15475
1.15897
1.15649
1.1469
1.13058
1.10841
1.08203
1.05386
1.02711
1.00507
0.990361
0.984287
0.986756
0.996685
1.01243
1.03214
1.05393
1.07587
1.09616
1.11308
1.12493
1.13005
1.12735
1.11696
1.10031
1.07996
1.05911
1.04089
1.02762
1.0207
1.02084
1.02806
1.04175
1.06049
1.08209
1.10389
1.12341
1.13876
1.14902
1.15445
1.1562
1.15558
1.15348
1.15017
1.14568
1.14008
1.13371
1.12689
1.11983
1.11229
1.10399
1.09472
1.08467
1.07453
1.06524
1.05777
1.05278
1.05044
1.05029
1.05129
1.05195
1.0507
1.04648
1.03909
1.02948
1.0194
1.01081
1.00507
1.00258
1.00285
1.00517
1.00907
1.01442
1.02129
1.02953
1.03859
1.04758
1.05552
1.06175
1.06639
1.07054
1.07603
1.0845
1.09688
1.11287
1.131
1.14916
1.16501
1.17658
1.18234
1.18135
1.17333
1.15878
1.13905
1.11654
1.09444
1.0763
1.06529
1.06344
1.07123
1.08728
1.10847
1.13054
2.10816
2.08342
2.02121
1.92549
1.80634
1.67931
1.56217
1.46958
1.40949
1.38281
1.38571
1.41209
1.45569
1.5109
1.57226
1.63365
1.6882
1.72948
1.7528
1.75606
1.73956
1.70554
1.65815
1.6031
1.54721
1.49732
1.45887
1.4349
1.42567
1.42929
1.44263
1.4619
1.48308
1.50241
1.51707
1.52587
1.52951
1.53029
1.53161
1.53681
1.54828
1.56679
1.59115
1.61836
1.64437
1.66525
1.67821
1.68197
1.67636
1.66168
1.6386
1.60866
1.57503
1.54237
1.51575
1.49879
1.49226
1.49435
1.50236
1.51421
1.52884
1.54572
1.56423
1.5838
1.60407
1.62495
1.64595
1.6658
1.68259
1.69446
1.70023
1.69991
1.69494
1.6873
1.67876
1.67012
1.66189
1.65499
1.65064
1.6497
1.65161
1.65384
1.65242
1.64364
1.62616
1.60183
1.57434
1.54719
1.52273
1.50255
1.48791
1.47969
1.47821
1.4834
1.49493
1.51192
1.53236
1.55348
1.5726
1.58791
1.59877
1.60552
1.60895
1.61033
1.6119
1.61669
1.62706
1.64247
1.65877
1.66978
1.67037
1.65864
1.63684
1.61036
1.58513
1.56472
1.54978
1.5407
1.53968
1.5488
1.56611
1.58616
1.604
1.61791
1.62833
1.63605
1.64043
1.63939
1.6308
1.61444
1.59316
1.57182
1.55506
1.54546
1.54376
1.54942
1.56118
1.57753
1.59695
1.61813
1.63976
1.66035
1.67779
1.69
1.69569
1.69509
1.68979
1.68148
1.67073
1.65663
1.63772
1.61348
1.5853
1.55601
1.52866
1.50548
1.48717
1.47298
1.46174
1.45363
1.45165
1.46083
1.48442
1.52053
1.56297
1.60523
1.64316
1.67471
1.69902
1.71599
1.72609
1.72974
1.72747
1.71998
1.70824
1.69351
1.67687
1.65928
1.64178
1.62591
1.6129
1.60245
1.59239
1.58013
1.56479
1.5479
1.53233
1.52038
1.51261
1.50872
1.50892
1.51436
1.52591
1.54243
1.56043
1.57511
1.58186
1.57781
1.56302
1.54139
1.52003
1.5069
1.50735
1.52182
1.54615
1.57467
1.60276
1.62796
1.64992
1.66945
1.68755
1.7048
1.72109
1.73523
1.74471
1.74623
1.73721
1.71754
1.69039
1.66173
1.63834
1.62496
1.62235
1.62769
1.6368
1.64595
1.65197
1.6511
1.63905
1.61264
1.5721
1.52195
1.4703
1.42681
1.39995
1.39414
1.40865
1.4387
1.47795
1.52079
1.5634
1.6035
1.63952
1.67023
1.69454
1.71177
1.7217
1.72471
1.72124
1.71148
1.69541
1.67321
1.64593
1.61571
1.58545
1.55826
1.53673
1.52226
1.51479
1.51313
1.51543
1.51999
1.52549
1.5313
1.5373
1.54384
1.55122
1.55931
1.56727
1.57412
1.57961
1.58417
1.58813
1.59108
1.59198
1.59002
1.5856
1.58057
1.57789
1.58012
1.58799
1.59954
1.61071
1.61695
1.61518
1.60488
1.58783
1.56739
1.54757
1.53215
1.52384
1.52327
1.52907
1.53805
1.54629
1.55061
1.55011
1.54706
1.5466
1.55537
1.57898
1.61898
1.67114
1.72654
1.77532
1.80998
1.82668
1.82468
1.80519
1.77079
1.72518
1.67308
1.62027
1.57303
1.53737
1.51812
1.51771
1.5349
1.56451
1.5989
1.63062
1.65472
1.66887
1.6726
1.66626
1.6511
1.62921
1.6038
1.57834
1.55582
1.53833
1.52724
1.52343
1.52725
1.53806
1.55399
1.57231
1.5902
1.60523
1.61535
1.61849
1.61277
1.59699
1.57124
1.53713
1.49784
1.45793
1.42301
1.39874
1.38974
1.39892
1.42712
1.47253
1.53023
1.59297
1.65289
1.70314
1.73908
1.75839
1.76092
1.7487
1.72592
1.6989
1.67463
1.65785
1.64861
1.64288
1.6358
1.6251
1.61195
1.59977
1.5914
1.58707
1.5846
1.58122
1.57584
1.57012
1.56783
1.57276
1.58655
1.60794
1.6339
1.66115
1.68703
1.70961
1.72694
1.73675
1.73686
1.72543
1.70171
1.66641
1.62203
1.57317
1.52598
1.48673
1.45945
1.44469
1.43981
1.44162
1.44877
1.46198
1.4824
1.50978
1.542
1.57583
1.60814
1.63689
1.66099
1.67977
1.6929
1.70008
1.70106
1.69558
1.68386
1.66753
1.65007
1.63588
1.6282
1.62708
1.62926
1.63001
1.62552
1.61469
1.59903
1.58146
1.56502
1.55171
1.54267
1.53838
1.53877
1.54286
1.5486
1.55355
1.55609
1.55628
1.55643
1.56043
1.57184
1.59093
1.61411
1.63692
1.65779
1.67897
1.70409
1.73397
1.76455
1.78777
1.79519
1.78175
1.74824
1.70155
1.65219
1.6102
1.58162
1.5677
1.56651
1.57461
1.58768
1.60085
1.60909
1.60838
1.59691
1.57595
1.54964
1.5236
1.50281
1.49055
1.48829
1.49618
1.51311
1.53632
1.56166
1.58497
1.60324
1.61524
1.62118
1.62227
1.62014
1.6163
1.61246
1.61141
1.61705
1.63163
1.65218
1.67079
1.67938
1.67357
1.65319
1.62102
1.5817
1.54116
1.50614
1.48318
1.47734
1.49067
1.52132
1.56403
1.61169
1.65707
1.69425
1.71926
1.73043
1.72845
1.71596
1.69649
1.6734
1.64924
1.62552
1.60331
1.58388
1.5692
1.56128
1.56076
1.56601
1.57349
1.57932
1.58103
1.57838
1.57373
1.57173
1.57765
1.59443
1.62071
1.6515
1.68116
1.70575
1.72327
1.73284
1.73377
1.72531
1.70719
1.68037
1.64706
1.61019
1.57245
1.536
1.50288
1.47546
1.45631
1.44745
1.44969
1.46241
1.48373
1.51068
1.53931
1.56567
1.5867
1.60096
1.6086
1.61093
1.61038
1.61029
1.61451
1.62585
1.64383
1.66505
1.68642
1.70802
1.7304
1.74938
1.75679
1.74625
1.71665
1.67192
1.62019
1.57284
1.54157
1.53355
1.54761
1.57542
1.60605
1.62992
1.64049
1.6347
1.61263
1.5771
1.53305
1.48643
1.44335
1.40907
1.38687
1.37733
1.37881
1.38889
1.40628
1.43193
1.468
1.51525
1.5706
1.62747
1.67816
1.71644
1.73924
1.74676
1.74169
1.72787
1.70902
1.68856
1.66916
1.65265
1.63981
1.63023
1.62296
1.6177
1.61581
1.61976
1.6308
1.64687
1.66332
1.67581
1.68242
1.68319
1.67822
1.6673
1.65049
1.62911
1.60548
1.58206
1.56062
1.54193
1.52593
1.51221
1.50057
1.49121
1.48432
1.47983
1.47768
1.47842
1.48331
1.49366
1.5104
1.5339
1.56381
1.59891
1.63676
1.67394
1.70691
1.73288
1.75013
1.75789
1.75608
1.74575
1.72934
1.71034
1.69244
1.67796
1.66676
1.65639
1.64357
1.62612
1.60435
1.58115
1.5609
1.54826
1.54699
1.55922
1.58422
1.6175
1.65133
1.67718
1.68842
1.68125
1.65519
1.6132
1.56172
1.50973
1.46732
1.44306
1.44079
1.458
1.48797
1.52399
1.56158
1.59764
1.62936
1.65407
1.6694
1.67366
1.66671
1.65091
1.63141
1.61448
1.60483
1.60388
1.60954
1.61714
1.62068
1.61482
1.5973
1.57006
1.53872
1.51006
1.48916
1.47784
1.47507
1.47846
1.48559
1.49514
1.50731
1.52361
1.54578
1.57441
1.60799
1.64283
1.67419
1.69783
1.71127
1.71409
1.70763
1.69437
1.67771
1.66201
1.65191
1.65083
1.65991
1.67739
1.69948
1.72153
1.73932
1.74948
1.74973
1.73913
1.7179
1.68769
1.65166
1.61403
1.57942
1.552
1.53491
1.52958
1.53539
1.55046
1.57297
1.60181
1.63497
1.66764
1.69255
1.7033
1.69756
1.67705
1.64605
1.6095
1.57193
1.53759
1.51032
1.49284
1.48592
1.48822
1.49693
1.5087
1.52015
1.52891
1.53442
1.53815
1.54262
1.54979
1.55998
1.5714
1.58096
1.58552
1.58306
1.5731
1.55659
1.53544
1.51219
1.48977
1.47149
1.46115
1.46285
1.47972
1.5118
1.55502
1.6024
1.64663
1.68214
1.70598
1.71805
1.72028
1.71557
1.70639
1.69423
1.67981
1.6638
1.64727
1.63132
1.61671
1.60398
1.59418
1.58896
1.58976
1.59642
1.60654
1.61572
1.61915
1.61317
1.59663
1.57086
1.539
1.50525
1.47452
1.4521
1.4427
1.44866
1.46856
1.49761
1.53015
1.56196
1.59127
1.61835
1.6441
1.66881
1.69126
1.70878
1.71808
1.71696
1.70602
1.68903
1.67116
1.65608
1.64433
1.63411
1.62376
1.61325
1.60394
1.59747
1.59479
1.59595
1.60025
1.60663
1.6139
1.62077
1.62548
1.626
1.6203
1.6072
1.58746
1.56419
1.5423
1.52704
1.5221
1.52839
1.54406
1.56545
1.58799
1.60688
1.61768
1.61701
1.60368
1.58003
1.55191
1.52719
1.51231
1.50951
1.51721
1.53255
1.55307
1.57677
1.60121
1.62345
1.64086
1.65173
1.65576
1.65374
1.64707
1.6373
1.62593
1.6146
1.60515
1.59912
1.59716
1.59851
1.60125
1.60305
1.60233
1.59882
1.59343
1.58775
1.58354
1.58298
1.58852
1.60194
1.62293
1.64831
1.67262
1.68994
1.6955
1.68733
1.66705
1.63968
1.61186
1.5894
1.57507
1.56789
1.56457
1.56213
1.56012
1.56064
1.56675
1.58012
1.60009
1.62413
1.64852
1.66895
1.68087
1.68043
1.66586
1.63833
1.60174
1.56149
1.52287
1.49044
1.46809
1.45857
1.46173
1.47286
1.48455
1.49094
1.49109
1.48968
1.49451
1.51194
1.54244
1.57999
1.61648
1.64597
1.66596
1.67641
1.6786
1.67452
1.66677
1.65824
1.65206
1.65087
1.65633
1.66869
1.68685
1.70833
1.7298
1.74721
1.75627
1.75307
1.73528
1.70302
1.65915
1.609
1.55943
1.51719
1.4872
1.47133
1.46918
1.47927
1.4997
1.52808
1.56111
1.59465
1.62401
1.64481
1.65425
1.65214
1.64115
1.62621
1.61325
1.60731
1.61112
1.62431
1.64375
1.66459
1.68182
1.69218
1.69499
1.69152
1.68323
1.67024
1.65184
1.62818
1.60104
1.57343
1.5486
1.52858
1.51281
1.49832
1.48221
1.46411
1.44686
1.43499
1.4324
1.44087
1.46026
1.48992
1.52941
1.57739
1.63006
1.681
1.72305
1.75119
1.76375
1.76262
1.75194
1.7364
1.71972
2.07756
2.04419
2.00187
1.95221
1.89873
1.84614
1.79973
1.7637
1.73961
1.72565
1.71778
1.71223
1.70684
1.7008
1.69343
1.68363
1.67078
1.65677
1.6466
1.64593
1.65716
1.67717
1.6992
1.71691
1.72716
1.7304
1.72892
1.72493
1.72022
1.7169
1.71727
1.72296
1.73459
1.7524
1.77618
1.80395
1.83098
1.85103
1.85905
1.85396
1.83952
1.82252
1.80996
1.80657
1.81346
1.82815
1.84505
1.85723
1.85888
1.847
1.82232
1.78941
1.75532
1.72772
1.7126
1.71308
1.72869
1.75583
1.78876
1.82132
1.84865
1.86838
1.88023
1.88555
1.88654
1.88557
1.88419
1.88235
1.87862
1.87107
1.85836
1.84026
1.81768
1.79353
1.77306
1.7622
1.76413
1.77715
1.79666
1.81834
1.83934
1.85728
1.86956
1.87313
1.86603
1.84884
1.82483
1.79855
1.77398
1.75474
1.74495
1.74869
1.76704
1.79602
1.82807
1.85522
1.87106
1.87103
1.85299
1.81881
1.77555
1.73392
1.7041
1.69169
1.69678
1.71651
1.74759
1.78782
1.83603
1.89107
1.94996
2.00626
2.05193
2.08132
2.0925
2.08445
2.05499
2.00227
1.92854
1.84257
1.75987
1.69846
1.66743
1.65983
1.66086
1.66112
1.66105
1.66731
1.68658
1.72046
1.76364
1.80635
1.83859
1.85345
1.84827
1.8249
1.7889
1.74815
1.71084
1.6834
1.66918
1.66813
1.67799
1.69572
1.71822
1.74227
1.76424
1.7812
1.7921
1.7982
1.80267
1.80967
1.82303
1.84487
1.87486
1.91062
1.94851
1.98427
2.01332
2.03096
2.03304
2.01672
1.98129
1.92874
1.86422
1.79585
1.73352
1.68692
1.66374
1.66788
1.69771
1.74538
1.79923
1.84835
1.88662
1.91354
1.93252
1.94769
1.96097
1.97072
1.97245
1.96106
1.93344
1.88978
1.83325
1.76854
1.70044
1.6338
1.57411
1.52804
1.5031
1.50543
1.53675
1.59203
1.66059
1.7303
1.79168
1.83946
1.87256
1.89346
1.90669
1.91595
1.92266
1.92732
1.93127
1.93695
1.94613
1.95826
1.96967
1.9747
1.96859
1.95045
1.92412
1.89565
1.87053
1.85227
1.84304
1.84406
1.85511
1.87289
1.8909
1.90147
1.89854
1.88006
1.84921
1.81345
1.78148
1.75898
1.74624
1.73964
1.73591
1.73443
1.7369
1.74498
1.75819
1.77366
1.78756
1.79721
1.80227
1.80417
1.80446
1.80334
1.79965
1.79235
1.78204
1.77102
1.7622
1.7571
1.7551
1.75469
1.755
1.75616
1.75898
1.76436
1.77323
1.78632
1.80324
1.82176
1.83837
1.84961
1.8534
1.84983
1.8411
1.83065
1.82164
1.81545
1.81091
1.80557
1.79791
1.78876
1.78079
1.77674
1.77838
1.78604
1.79854
1.81315
1.82523
1.82863
1.81768
1.78982
1.7474
1.69707
1.64743
1.60656
1.5804
1.57135
1.57758
1.59409
1.61477
1.63488
1.65294
1.67138
1.69537
1.73005
1.77727
1.83395
1.89372
1.94975
1.99666
2.03092
2.05064
2.05527
2.0451
2.02076
1.98361
1.93667
1.8853
1.83675
1.79757
1.77128
1.75774
1.75487
1.76074
1.7741
1.79448
1.82181
1.85515
1.89176
1.92747
1.95839
1.98176
1.99596
1.99959
1.99106
1.96906
1.93337
1.88565
1.82997
1.77281
1.72236
1.68686
1.67243
1.681
1.71002
1.75367
1.80448
1.85458
1.89653
1.92387
1.932
1.91906
1.88683
1.84087
1.78961
1.74237
1.7072
1.68888
1.68747
1.69914
1.71812
1.73921
1.75884
1.77496
1.78657
1.79282
1.79291
1.78607
1.7715
1.74788
1.71402
1.67017
1.62026
1.57273
1.5393
1.53076
1.55153
1.59703
1.65682
1.72018
1.77879
1.82685
1.8607
1.87934
1.8846
1.88017
1.87039
1.85888
1.84812
1.83962
1.83425
1.83301
1.8374
1.84902
1.86855
1.89457
1.9232
1.94902
1.96641
1.97116
1.9619
1.9405
1.91154
1.88098
1.85408
1.83357
1.81899
1.8077
1.79663
1.78331
1.76675
1.7475
1.72809
1.71381
1.71245
1.72931
1.76148
1.79961
1.83548
1.86487
1.88594
1.89788
1.90121
1.89829
1.8932
1.89009
1.89093
1.89402
1.89445
1.88626
1.86584
1.83458
1.79925
1.76988
1.75579
1.76174
1.78545
1.81768
1.84554
1.85763
1.84839
1.81947
1.77806
1.73357
1.69466
1.66715
1.6535
1.65361
1.66571
1.68685
1.71338
1.74202
1.77073
1.79874
1.82512
1.84747
1.86202
1.86507
1.85513
1.83468
1.81096
1.7934
1.78881
1.79829
1.81838
1.84433
1.87136
1.89496
1.91073
1.91538
1.90848
1.89317
1.87486
1.85883
1.84814
1.84297
1.84059
1.83593
1.82374
1.80157
1.77246
1.74458
1.72679
1.72319
1.73095
1.74411
1.75892
1.77545
1.79544
1.81964
1.84667
1.87343
1.89627
1.91264
1.92143
1.92157
1.91164
1.89206
1.86698
1.84239
1.8224
1.80752
1.79556
1.78421
1.77315
1.7639
1.75815
1.75684
1.76046
1.76928
1.78347
1.80239
1.82409
1.84543
1.86262
1.87248
1.87317
1.86426
1.84607
1.81897
1.78345
1.74075
1.69329
1.64466
1.59894
1.55988
1.5313
1.51847
1.52813
1.5654
1.62886
1.70951
1.79503
1.87419
1.93825
1.98053
1.99671
1.98563
1.95008
1.89691
1.83631
1.78015
1.73957
1.72304
1.73454
1.77196
1.82683
1.88737
1.94265
1.98531
2.01181
2.02068
2.01102
1.98213
1.93485
1.87368
1.8065
1.74311
1.69278
1.66259
1.65608
1.67238
1.70674
1.75228
1.80166
1.84844
1.88837
1.9199
1.9429
1.95614
1.95646
1.94085
1.90973
1.86847
1.82596
1.79146
1.77166
1.76875
1.78084
1.8033
1.82999
1.85502
1.87377
1.88323
1.88202
1.87053
1.8512
1.82842
1.80673
1.78852
1.77362
1.76098
1.75044
1.74266
1.73787
1.73462
1.72927
1.71727
1.6957
1.66548
1.63114
1.59932
1.57693
1.56949
1.57936
1.60566
1.6458
1.69695
1.75627
1.82058
1.88587
1.94748
2.00016
2.0392
2.06148
2.06644
2.05593
2.03324
2.00161
1.96348
1.92019
1.87307
1.82515
1.78176
1.74943
1.73304
1.73356
1.74801
1.77084
1.79521
1.81487
1.82601
1.82849
1.82487
1.81765
1.8073
1.7924
1.77141
1.74472
1.71596
1.69185
1.68002
1.68563
1.70869
1.7441
1.78421
1.82164
1.85119
1.86996
1.87716
1.87351
1.86084
1.8412
1.81639
1.78812
1.75872
1.73164
1.71103
1.70022
1.7001
1.70907
1.724
1.74187
1.7601
1.7759
1.78616
1.78839
1.78268
1.77259
1.76381
1.76155
1.76811
1.78286
1.80326
1.82547
1.84447
1.85463
1.85089
1.8305
1.79455
1.74854
1.70159
1.6639
1.64305
1.64158
1.65666
1.68216
1.71187
1.7425
1.77454
1.81052
1.85105
1.89311
1.93145
1.96138
1.98019
1.98742
1.98443
1.97358
1.95732
1.93743
1.91463
1.88882
1.86035
1.83088
1.80263
1.77678
1.75323
1.73209
1.71616
1.71146
1.72422
1.75561
1.7996
1.84592
1.88431
1.90746
1.91189
1.89751
1.8666
1.82345
1.77445
1.72728
1.68931
1.66587
1.65972
1.67094
1.69689
1.73281
1.77313
1.81325
1.85021
1.88203
1.90671
1.92256
1.92951
1.92963
1.92647
1.92337
1.92209
1.92238
1.92175
1.91652
1.90306
1.87939
1.84603
1.80662
1.76693
1.73368
1.71284
1.70852
1.72173
1.74974
1.78719
1.82782
1.86595
1.89717
1.91789
1.92485
1.91585
1.8911
1.85439
1.81186
1.77027
1.73578
1.71386
1.70839
1.71954
1.74284
1.7705
1.79451
1.81001
1.8175
1.82206
1.82932
1.84062
1.85211
1.85791
1.85365
1.83815
1.81373
1.78609
1.76321
1.75351
1.76265
1.79065
1.8314
1.87523
1.91255
1.93674
1.945
1.93768
1.91673
1.88429
1.84233
1.79325
1.74057
1.68901
1.64394
1.61017
1.59094
1.58768
1.60027
1.62683
1.66329
1.70384
1.74258
1.77463
1.79661
1.80708
1.80719
1.80098
1.7938
1.78812
1.78118
1.76811
1.74805
1.72664
1.7123
1.71075
1.72339
1.74933
1.78711
1.83438
1.88711
1.93925
1.98364
2.0136
2.02492
2.0166
1.99098
1.9527
1.90757
1.86093
1.81648
1.77619
1.74113
1.71198
1.68893
1.67203
1.66122
1.65631
1.65619
1.65848
1.66053
1.66115
1.66202
1.66711
1.67981
1.70022
1.72449
1.74752
1.76627
1.78141
1.7965
1.81554
1.84015
1.86866
1.89781
1.92466
1.94754
1.9656
1.97806
1.98402
1.98285
1.9749
1.96125
1.943
1.92027
1.89236
1.86021
1.8286
1.80504
1.79531
1.80019
1.81601
1.83646
1.85608
1.87239
1.88436
1.88976
1.88471
1.86609
1.83368
1.79107
1.74493
1.70312
1.67213
1.65545
1.65285
1.66186
1.67936
1.70211
1.72615
1.74629
1.75747
1.75739
1.74849
1.73758
1.73319
1.74133
1.76253
1.79165
1.82017
1.83988
1.84591
1.83776
1.81836
1.79269
1.76639
1.74446
1.73052
1.727
1.7357
1.75758
1.79086
1.82953
1.86522
1.89096
1.90418
1.90728
1.90526
1.90245
1.90019
1.89732
1.89163
1.88104
1.86457
1.84249
1.81603
1.7869
1.75667
1.72696
1.7002
1.6804
1.67266
1.68104
1.70595
1.74378
1.78826
1.83228
1.86964
1.89613
1.91007
1.9118
1.90307
1.88584
1.86183
1.8327
1.80062
1.76866
1.74074
1.72179
1.71713
1.73065
1.76214
1.80601
1.8524
1.89044
1.91131
1.91038
1.88818
1.85007
1.80485
1.76261
1.73205
1.71812
1.72126
1.73881
1.76742
1.80417
1.84615
1.88966
1.93021
1.96291
1.98305
1.98711
1.97361
1.94368
1.90085
1.85078
1.80069
1.759
1.73251
1.72292
1.72602
1.73492
1.74428
1.75171
1.75725
1.76179
1.76498
1.76416
1.75607
1.73989
1.71957
1.70227
1.69354
1.69445
1.70308
1.7174
1.73669
1.761
1.78965
1.81988
1.84751
1.8687
1.88177
1.88752
1.88808
1.88524
2.08886
2.06832
2.04043
2.00931
1.98092
1.96059
1.95078
1.95014
1.95471
1.95987
1.96261
1.96213
1.95936
1.95493
1.94795
1.9374
1.92455
1.91273
1.90474
1.9003
1.89608
1.88716
1.86935
1.84118
1.80527
1.76863
1.74013
1.72701
1.73248
1.75536
1.79104
1.83287
1.87456
1.91191
1.94376
1.97199
2
2.02909
2.05564
2.07284
2.07598
2.06565
2.04766
2.03005
2.01921
2.01732
2.02299
2.03419
2.04912
2.06343
2.06889
2.05638
2.0214
1.96738
1.90484
1.84656
1.80161
1.77201
1.75513
1.74767
1.7476
1.75287
1.76031
1.76638
1.76911
1.77038
1.77656
1.79647
1.83611
1.89434
1.96309
2.03196
2.0919
2.13649
2.16182
2.16598
2.14894
2.11243
2.05967
1.9951
1.92385
1.85208
1.78865
1.74567
1.73566
1.76494
1.82908
1.91451
2.00399
2.08195
2.13714
2.16312
2.15795
2.12443
2.0715
2.01471
1.97294
1.95981
1.97522
2.0059
2.0343
2.04727
2.03887
2.00959
1.96486
1.91442
1.87223
1.85219
1.85881
1.88248
1.90848
1.92756
1.93741
1.93862
1.93179
1.91784
1.89941
1.88193
1.87253
1.87687
1.89585
1.92476
1.95496
1.97717
1.98464
1.97449
1.94792
1.90956
1.86651
1.82725
1.80017
1.79165
1.80356
1.8323
1.87049
1.91019
1.94608
1.97583
1.99902
2.01555
2.02492
2.02621
2.01867
2.00278
1.98076
1.95695
1.93628
1.92168
1.91231
1.90452
1.89473
1.88137
1.86506
1.84822
1.83489
1.82951
1.83439
1.84797
1.86568
1.88354
1.90199
1.92581
1.95886
1.99894
2.03963
2.07481
2.09998
2.11095
2.10356
2.07518
2.02634
1.9622
1.89227
1.82846
1.7816
1.75736
1.75404
1.76386
1.77757
1.78923
1.79901
1.81288
1.83855
1.87975
1.93291
1.99012
2.04361
2.08807
2.12083
2.14126
2.14964
2.14621
2.13181
2.10926
2.08364
2.05943
2.03862
2.02156
2.0088
2.00164
2.00072
2.00524
2.01247
2.01843
2.01834
2.00757
1.98304
1.94455
1.89599
1.84568
1.80591
1.7894
1.8013
1.83302
1.86721
1.88935
1.89354
1.88186
1.86099
1.839
1.82215
1.81318
1.81154
1.81568
1.82533
1.84181
1.86648
1.89915
1.93776
1.97729
2.00981
2.02797
2.02847
2.01248
1.98476
1.95311
1.92577
1.90625
1.89117
1.87504
1.85573
1.83545
1.81859
1.80912
1.80869
1.81549
1.8248
1.83211
1.83702
1.84477
1.86261
1.89333
1.93215
1.96996
1.99848
2.01363
2.01608
2.00942
1.99726
1.98113
1.96043
1.93461
1.90587
1.88012
1.86534
1.86772
1.88788
1.92101
1.96074
2.00216
2.04191
2.0765
2.10121
2.11043
2.09937
2.06596
2.01249
1.94664
1.88113
1.83038
1.80449
1.80414
1.82105
1.8439
1.86436
1.87925
1.88947
1.89885
1.91258
1.93462
1.96477
1.9989
2.03148
2.05782
2.0749
2.08069
2.07405
2.05486
2.02438
1.98539
1.94209
1.90013
1.86572
1.84417
1.83856
1.84904
1.8733
1.90798
1.94871
1.98825
2.01768
2.03052
2.02647
2.01115
1.99228
1.97527
1.96028
1.94367
1.92235
1.89833
1.8797
1.87591
1.89053
1.91878
1.95132
1.97889
1.99523
1.99827
1.98991
1.97472
1.9582
1.94488
1.9371
1.935
1.93683
1.93983
1.94125
1.93953
1.93477
1.92803
1.91959
1.90789
1.89003
1.86386
1.83016
1.79291
1.75804
1.7314
1.71764
1.71969
1.73841
1.77236
1.81756
1.86796
1.91696
1.95908
1.99138
2.01319
2.0251
2.02824
2.02432
2.01575
2.00427
1.98914
1.96701
1.93517
1.89527
1.85436
1.82195
1.80509
1.80538
1.81918
1.84031
1.86298
1.88331
1.8988
1.90711
1.90653
1.89862
1.88991
1.88939
1.90285
1.92923
1.96226
1.99475
2.021
2.03774
2.04428
2.04281
2.03794
2.03536
2.03929
2.0502
2.06454
2.07686
2.08271
2.08035
2.07025
2.05284
2.02717
1.99147
1.94568
1.89371
1.84317
1.8027
1.77879
1.77382
1.78601
1.81103
1.84347
1.87799
1.90968
1.93429
1.9495
1.95591
1.95632
1.95335
1.94703
1.93435
1.91085
1.87329
1.82167
1.76044
1.69897
1.65075
1.6304
1.64794
1.70248
1.78169
1.86787
1.94528
2.00383
2.04027
2.05783
2.06329
2.06251
2.0569
2.0435
2.0178
1.97727
1.92301
1.8602
1.79716
1.74344
1.70719
1.6935
1.70467
1.74063
1.79837
1.87114
1.94941
2.02332
2.08486
2.12909
2.15419
2.16106
2.15235
2.13213
2.10549
2.07752
2.05231
2.03216
2.018
2.00997
2.0081
2.01251
2.02266
2.0366
2.0511
2.0635
2.07291
2.0796
2.08292
2.08008
2.06665
2.03858
1.99521
1.94099
1.88416
1.83304
1.79243
1.76337
1.74536
1.73811
1.74164
1.75523
1.77643
1.80044
1.8213
1.83402
1.83691
1.83262
1.82642
1.82303
1.82421
1.8299
1.84076
1.8586
1.88422
1.91531
1.94692
1.97395
1.99254
2.00057
1.99746
1.98382
1.96072
1.92937
1.8914
1.85006
1.81188
1.7861
1.7801
1.79384
1.81921
1.84546
1.86525
1.87657
1.88116
1.88094
1.87685
1.87025
1.86422
1.86133
1.8609
1.86006
1.85672
1.85053
1.84191
1.83136
1.81929
1.80624
1.79359
1.78494
1.78643
1.8037
1.83715
1.88007
1.92192
1.95402
1.97298
1.98151
1.9865
1.99492
2.00993
2.02973
2.05026
2.06886
2.08615
2.10375
2.12073
2.13321
2.1373
2.13209
2.11944
2.10185
2.08052
2.05509
2.02464
1.98896
1.94962
1.90965
1.87292
1.84328
1.824
1.81728
1.8245
1.84634
1.88191
1.92697
1.97302
2.00866
2.02362
2.01304
1.98004
1.93525
1.89268
1.8635
1.85134
1.85285
1.86181
1.8729
1.88347
1.89319
1.90322
1.9153
1.93076
1.94943
1.96911
1.98643
1.99788
2.00063
1.99324
1.97586
1.95046
1.92071
1.89139
1.8674
1.85204
1.84515
1.84333
1.84267
1.84163
1.84072
1.8402
1.83885
1.83502
1.82759
1.81679
1.80417
1.79243
1.78515
1.78674
1.80143
1.83196
1.87817
1.9365
2.00036
2.06189
2.11398
2.15195
2.17368
2.17816
2.16468
2.13322
2.08649
2.0322
1.98243
1.94662
1.9249
1.91111
1.90099
1.89408
1.88976
1.88443
1.87329
1.85421
1.82983
1.80599
1.78831
1.77998
1.78288
1.79871
1.82639
1.85971
1.88965
1.90962
1.91818
1.91767
1.91196
1.90488
1.89984
1.89953
1.9056
1.91803
1.93452
1.95102
1.96333
1.96913
1.96882
1.9651
1.9611
1.95796
1.954
1.94668
1.93537
1.92188
1.90846
1.89592
1.88377
1.87118
1.8575
1.84245
1.82664
1.81179
1.80038
1.79464
1.7968
1.80896
1.83208
1.86479
1.9031
1.94174
1.97559
2.00129
2.01793
2.02711
2.03238
2.03745
2.04423
2.05189
2.05761
2.05864
2.05347
2.04212
2.02512
2.00295
1.97628
1.94669
1.91711
1.89102
1.87116
1.85802
1.85018
1.84635
1.84754
1.85664
1.87565
1.90268
1.93246
1.95925
1.97985
1.99381
2.00152
2.00253
1.9955
1.97996
1.95834
1.93592
1.91862
1.91036
1.91122
1.91807
1.92612
1.93034
1.92718
1.91562
1.89754
1.87701
1.85828
1.84353
1.83171
1.81983
1.80553
1.78932
1.77494
1.76768
1.77178
1.78874
1.81761
1.85573
1.89904
1.94199
1.97747
1.99724
1.99434
1.9674
1.92525
1.8859
1.86777
1.88
1.9206
1.98028
2.04672
2.10857
2.15826
2.19198
2.20891
2.21039
2.19952
2.18017
2.15529
2.12585
2.09194
2.05522
2.02056
1.99486
1.98244
1.98149
1.98507
1.9851
1.97568
1.95377
1.91896
1.87369
1.82349
1.77642
1.74105
1.72387
1.72706
1.74716
1.77699
1.80933
1.83944
1.86511
1.88625
1.90375
1.91842
1.92974
1.93535
1.93228
1.91893
1.8964
1.86838
1.83959
1.81428
1.7961
1.7886
1.79528
1.81793
1.85517
1.90229
1.95262
1.99902
2.03526
2.05786
2.06709
2.0666
2.06122
2.05503
2.05087
2.05131
2.05869
2.0739
2.09553
2.12019
2.1437
2.16213
2.17191
2.16951
2.15169
2.11685
2.06661
2.00646
1.94348
1.88325
1.82917
1.78424
1.75166
1.73353
1.72953
1.73721
1.75255
1.77016
1.78415
1.78981
1.78621
1.77735
1.77117
1.77607
1.79707
1.83326
1.87802
1.92179
1.9556
1.9736
1.97432
1.9606
1.9387
1.91657
1.90128
1.8965
1.90196
1.91416
1.92795
1.93769
1.93794
1.92483
1.89899
1.86878
1.84794
1.8456
1.85906
1.87831
1.89363
1.89865
1.89131
1.87452
1.85504
1.84042
1.83597
1.84299
1.85876
1.87866
1.89932
1.92041
1.9431
1.96775
1.99265
2.01478
2.03101
2.03896
2.03726
2.02572
2.00539
1.97871
1.94908
1.92004
1.89424
1.87309
1.85746
1.84876
1.84915
1.86073
1.88441
1.91885
1.96112
2.00779
2.05486
2.09666
2.1252
2.13131
2.10783
2.05305
1.97261
1.87771
1.78073
1.69466
1.63524
1.61666
1.6412
1.69662
1.76496
1.83175
1.88883
1.93275
1.96242
1.97781
1.97993
1.97096
1.95472
1.93624
1.92055
1.91098
1.90744
1.90679
1.90574
1.90407
1.90502
1.91269
1.92817
1.94882
1.97027
1.98929
2.00478
2.01693
2.02635
2.03257
2.03378
2.02782
2.01468
1.99795
1.9834
1.97547
1.97398
1.97419
1.97028
1.95909
1.94156
1.92095
1.89986
1.87874
1.85728
1.83773
1.82555
1.82633
1.84138
1.86557
1.89133
1.91497
1.93825
1.96358
1.9891
2.00874
2.01602
2.00821
1.98802
1.9617
1.93576
1.91457
1.8996
1.89024
1.88457
1.88078
1.87831
1.87775
1.8795
1.88269
1.8854
1.88599
1.88412
1.88084
1.87784
1.87624
1.87604
1.87625
1.87589
1.87533
1.87687
1.88377
1.89803
1.91936
1.94514
1.97128
1.99358
2.00953
2.01936
2.02507
2.029
2.03263
