-5.74634
-5.72508
-5.70309
-5.68861
-5.67321
-5.66501
-5.6615
-5.65845
-5.65844
-5.66137
-5.66359
-5.66907
-5.67261
-5.67416
-5.6753
-5.67463
-5.67375
-5.67235
-5.67008
-5.66718
-5.66513
-5.66469
-5.66496
-5.66468
-5.66543
-5.66684
-5.66726
-5.66856
-5.66939
-5.67098
-5.6716
-5.67208
-5.67485
-5.67458
-5.67446
-5.6742
-5.67422
-5.67207
-5.67245
-5.67261
-5.67299
-5.67206
-5.67081
-5.67179
-5.67326
-5.67285
-5.67306
-5.67187
-5.67251
-5.67372
-5.67261
-5.67212
-5.67163
-5.67279
-5.67108
-5.66914
-5.66895
-5.6686
-5.66679
-5.66736
-5.66699
-5.66942
-5.67101
-5.67269
-5.67388
-5.67273
-5.67419
-5.67473
-5.67656
-5.67447
-5.67392
-5.67558
-5.67851
-5.67758
-5.67606
-5.67459
-5.67542
-5.67398
-5.67348
-5.67267
-5.67196
-5.67207
-5.67238
-5.67316
-5.67165
-5.67382
-5.67312
-5.67278
-5.67064
-5.67233
-5.6728
-5.67184
-5.67344
-5.67339
-5.67391
-5.67361
-5.67434
-5.67536
-5.67467
-5.6748
-5.67343
-5.67342
-5.67245
-5.67154
-5.66911
-5.66885
-5.66638
-5.66636
-5.66406
-5.66571
-5.66648
-5.66667
-5.66779
-5.67035
-5.6716
-5.67299
-5.67344
-5.67512
-5.67771
-5.67797
-5.67825
-5.68089
-5.68248
-5.68053
-5.67838
-5.67612
-5.67736
-5.6769
-5.6779
-5.67799
-5.6783
-5.67816
-5.67791
-5.67573
-5.67431
-5.67337
-5.6735
-5.67137
-5.67215
-5.67163
-5.67111
-5.67029
-5.67237
-5.67315
-5.67331
-5.67257
-5.67422
-5.67176
-5.67228
-5.67148
-5.67218
-5.67176
-5.67283
-5.67217
-5.67304
-5.67414
-5.67254
-5.67304
-5.67304
-5.6719
-5.67168
-5.66868
-5.66603
-5.66837
-5.66888
-5.66959
-5.67052
-5.67246
-5.6732
-5.67423
-5.67439
-5.67214
-5.67582
-5.67621
-5.67808
-5.67719
-5.67743
-5.68017
-5.67863
-5.67736
-5.6754
-5.67605
-5.67611
-5.67533
-5.67374
-5.67522
-5.67386
-5.6767
-5.67782
-5.68136
-5.67958
-5.67542
-5.67514
-5.67491
-5.67441
-5.67395
-5.67353
-5.67252
-5.67223
-5.67398
-5.67385
-5.67245
-5.67396
-5.67605
-5.67644
-5.67446
-5.67371
-5.67261
-5.67123
-5.67054
-5.67286
-5.67301
-5.67255
-5.67403
-5.67741
-5.6768
-5.67803
-5.67533
-5.67487
-5.67447
-5.6751
-5.67641
-5.67604
-5.67488
-5.67225
-5.67179
-5.67071
-5.66947
-5.6685
-5.6701
-5.6713
-5.67357
-5.67289
-5.67396
-5.67283
-5.67172
-5.67167
-5.67148
-5.67092
-5.67267
-5.67164
-5.67113
-5.67053
-5.66989
-5.6718
-5.67491
-5.67456
-5.67577
-5.67935
-5.68131
-5.67838
-5.67841
-5.67953
-5.67666
-5.67603
-5.67413
-5.67423
-5.67441
-5.67565
-5.67537
-5.67584
-5.67545
-5.67708
-5.67717
-5.67662
-5.67605
-5.67354
-5.67205
-5.67069
-5.67244
-5.67504
-5.67445
-5.67728
-5.67943
-5.67823
-5.67633
-5.67522
-5.67448
-5.67627
-5.67586
-5.6761
-5.67525
-5.67699
-5.6763
-5.677
-5.67619
-5.67429
-5.67662
-5.67679
-5.67807
-5.67458
-5.67206
-5.67303
-5.67361
-5.67514
-5.6748
-5.67367
-5.67594
-5.67833
-5.67905
-5.67923
-5.68009
-5.67812
-5.67504
-5.67485
-5.67312
-5.67218
-5.67171
-5.67135
-5.674
-5.67412
-5.67139
-5.67068
-5.66939
-5.67011
-5.66993
-5.67137
-5.6718
-5.67214
-5.6743
-5.6783
-5.67893
-5.67877
-5.6781
-5.67757
-5.67722
-5.67555
-5.67434
-5.67565
-5.675
-5.67363
-5.6743
-5.675
-5.67501
-5.67496
-5.67647
-5.67695
-5.67541
-5.67445
-5.67373
-5.67452
-5.67227
-5.67119
-5.67098
-5.66947
-5.66936
-5.67075
-5.6695
-5.66851
-5.66773
-5.66833
-5.6731
-5.67289
-5.67408
-5.67409
-5.67329
-5.67308
-5.67487
-5.67609
-5.67674
-5.67514
-5.67516
-5.67424
-5.67439
-5.67659
-5.67592
-5.67619
-5.67632
-5.67689
-5.67791
-5.6775
-5.67672
-5.67464
-5.67327
-5.67098
-5.67174
-5.67015
-5.66857
-5.66986
-5.66924
-5.66809
-5.66858
-5.66789
-5.67101
-5.6722
-5.67442
-5.67411
-5.67674
-5.67576
-5.67532
-5.67765
-5.67693
-5.67454
-5.67212
-5.67001
-5.66921
-5.66687
-5.66533
-5.66663
-5.66664
-5.66692
-5.66836
-5.66757
-5.66836
-5.66837
-5.66983
-5.67333
-5.67364
-5.67528
-5.6757
-5.6731
-5.67412
-5.6724
-5.67473
-5.67294
-5.67215
-5.6746
-5.67582
-5.67617
-5.67629
-5.67748
-5.67646
-5.67291
-5.67359
-5.67425
-5.67418
-5.67526
-5.67457
-5.67405
-5.6744
-5.67342
-5.67441
-5.67387
-5.67345
-5.67149
-5.67183
-5.67153
-5.67251
-5.67252
-5.6706
-5.6697
-5.66949
-5.67255
-5.67272
-5.67288
-5.67367
-5.67413
-5.67717
-5.67697
-5.67807
-5.67659
-5.67802
-5.67486
-5.6758
-5.67462
-5.67519
-5.67428
-5.6739
-5.67383
-5.6729
-5.67157
-5.67059
-5.67129
-5.67301
-5.67337
-5.6748
-5.67612
-5.67719
-5.67694
-5.67795
-5.67773
-5.67607
-5.677
-5.67537
-5.67569
-5.67565
-5.67618
-5.67533
-5.67706
-5.67396
-5.67481
-5.67349
-5.67163
-5.66954
-5.66819
-5.66888
-5.66869
-5.66889
-5.67078
-5.67017
-5.67035
-5.67102
-5.67248
-5.67263
-5.67447
-5.67553
-5.67384
-5.67209
-5.67308
-5.67055
-5.66986
-5.67076
-5.67041
-5.67234
-5.67163
-5.67179
-5.67464
-5.67842
-5.67615
-5.67612
-5.67629
-5.6754
-5.6742
-5.67287
-5.67198
-5.67181
-5.67155
-5.67404
-5.67444
-5.675
-5.67661
-5.67482
-5.6765
-5.67587
-5.67452
-5.6747
-5.67482
-5.67296
-5.67492
-5.67358
-5.67344
-5.67363
-5.67334
-5.67631
-5.67582
-5.67468
-5.67626
-5.67607
-5.6775
-5.67754
-5.67719
-5.67559
-5.67577
-5.67592
-5.67518
-5.67238
-5.67088
-5.67108
-5.67265
-5.67323
-5.67485
-5.67629
-5.67709
-5.67754
-5.67772
-5.6771
-5.67641
-5.67606
-5.67708
-5.67559
-5.67517
-5.67381
-5.67339
-5.67291
-5.67269
-5.67308
-5.67183
-5.67251
-5.67287
-5.67256
-5.66906
-5.6686
-5.67004
-5.66991
-5.6701
-5.66977
-5.6709
-5.6707
-5.67201
-5.67099
-5.67001
-5.66889
-5.66939
-5.6678
-5.66656
-5.66838
-5.66837
-5.6693
-5.67194
-5.67414
-5.67451
-5.67468
-5.6756
-5.67695
-5.67741
-5.67666
-5.67502
-5.67582
-5.67654
-5.67537
-5.67827
-5.67621
-5.67408
-5.67474
-5.6736
-5.67352
-5.67441
-5.67521
-5.67425
-5.67412
-5.67354
-5.67297
-5.67478
-5.67356
-5.67454
-5.6738
-5.67447
-5.67288
-5.67415
-5.67241
-5.67383
-5.67386
-5.67182
-5.67216
-5.67158
-5.67165
-5.67275
-5.674
-5.67198
-5.67202
-5.67297
-5.67265
-5.674
-5.67245
-5.67021
-5.67301
-5.6723
-5.66961
-5.67131
-5.66927
-5.66865
-5.67015
-5.67117
-5.67272
-5.6735
-5.67382
-5.6753
-5.67474
-5.67674
-5.6762
-5.6748
-5.67746
-5.67737
-5.67805
-5.67813
-5.6775
-5.6767
-5.6744
-5.67484
-5.67165
-5.6724
-5.67204
-5.67136
-5.67206
-5.67284
-5.6739
-5.67404
-5.67436
-5.67537
-5.67608
-5.67556
-5.67552
-5.67638
-5.67758
-5.6769
-5.67594
-5.67754
-5.67546
-5.67674
-5.67589
-5.67428
-5.67463
-5.67412
-5.67414
-5.67471
-5.67157
-5.67213
-5.67149
-5.66994
-5.67167
-5.67211
-5.67022
-5.67041
-5.66934
-5.67022
-5.67411
-5.67466
-5.67363
-5.67344
-5.67222
-5.6736
-5.67365
-5.6739
-5.67262
-5.67325
-5.67213
-5.67342
-5.67482
-5.67634
-5.67511
-5.67441
-5.67135
-5.67085
-5.66971
-5.66993
-5.67098
-5.67233
-5.67243
-5.67347
-5.67329
-5.67398
-5.67513
-5.67413
-5.6745
-5.67302
-5.67267
-5.67451
-5.67373
-5.67398
-5.67496
-5.6754
-5.67757
-5.67596
-5.67541
-5.67526
-5.67519
-5.67777
-5.6771
-5.67798
-5.67711
-5.67507
-5.67384
-5.67315
-5.6718
-5.67248
-5.67362
-5.67302
-5.67129
-5.67163
-5.67267
-5.67239
-5.67458
-5.67464
-5.67352
-5.67381
-5.67463
-5.67251
-5.6711
-5.67305
-5.67094
-5.6716
-5.67119
-5.67171
-5.67218
-5.67478
-5.67447
-5.67526
-5.67474
-5.67508
-5.67531
-5.67484
-5.67279
-5.67185
-5.66953
-5.66923
-5.67046
-5.67046
-5.66769
-5.66734
-5.66675
-5.66716
-5.66816
-5.6683
-5.66901
-5.67138
-5.6727
-5.67002
-5.67145
-5.66962
-5.6695
-5.6696
-5.66874
-5.66704
-5.66718
-5.66727
-5.6693
-5.66936
-5.67092
-5.67156
-5.67404
-5.67537
-5.67557
-5.67402
-5.67532
-5.67529
-5.67554
-5.67864
-5.67613
-5.67605
-5.67387
-5.67255
-5.67378
-5.67475
-5.6736
-5.67134
-5.67027
-5.67105
-5.673
-5.67216
-5.67487
-5.67168
-5.67327
-5.67424
-5.67467
-5.67397
-5.67465
-5.67428
-5.67625
-5.67915
-5.67941
-5.67843
-5.67605
-5.67503
-5.67448
-5.67413
-5.67329
-5.67482
-5.67481
-5.6739
-5.67179
-5.67336
-5.67281
-5.67368
-5.67493
-5.67389
-5.6737
-5.673
-5.67273
-5.67325
-5.67139
-5.6692
-5.67287
-5.67399
-5.67218
-5.67454
-5.67619
-5.67394
-5.67398
-5.67285
-5.67347
-5.67291
-5.67532
-5.67376
-5.67237
-5.67304
-5.67227
-5.67181
-5.67049
-5.6691
-5.67062
-5.67176
-5.67146
-5.67183
-5.67408
-5.67431
-5.67446
-5.67584
-5.67746
-5.6809
-5.68088
-5.68024
-5.6793
-5.67843
-5.67679
-5.67459
-5.67299
-5.67147
-5.6713
-5.67073
-5.67154
-5.67201
-5.67471
-5.67317
-5.6742
-5.67321
-5.67366
-5.67384
-5.67279
-5.67314
-5.67178
-5.67271
-5.67142
-5.67091
-5.67061
-5.66898
-5.66736
-5.66832
-5.67076
-5.67164
-5.67536
-5.67635
-5.67715
-5.67939
-5.67917
-5.67811
-5.67688
-5.67645
-5.67617
-5.67704
-5.67495
-5.67424
-5.67309
-5.67191
-5.67269
-5.67407
-5.67368
-5.67469
-5.67541
-5.67545
-5.67765
-5.67805
-5.67819
-5.67548
-5.67643
-5.67368
-5.67123
-5.67144
-5.67374
-5.67583
-5.67344
-5.67558
-5.6732
-5.67181
-5.67272
-5.67366
-5.67428
-5.67518
-5.67639
-5.67467
-5.67398
-5.6724
-5.67189
-5.67082
-5.67336
-5.67555
-5.67798
-5.67641
-5.6766
-5.67278
-5.6731
-5.67412
-5.67171
-5.67048
-5.67007
-5.6704
-5.67071
-5.67256
-5.67079
-5.66997
-5.67077
-5.67318
-5.67168
-5.67236
-5.67262
-5.67247
-5.67391
-5.67379
-5.67643
-5.67828
-5.68026
-5.68131
-5.68258
-5.68074
-5.68061
-5.68026
-5.67748
-5.67717
-5.67549
-5.67415
-5.67485
-5.67575
-5.67692
-5.67878
-5.67644
-5.67632
-5.67599
-5.67529
-5.67468
-5.674
-5.67319
-4.70544
-4.70102
-4.69707
-4.69611
-4.69131
-4.69214
-4.69337
-4.69703
-4.70011
-4.70491
-4.70724
-4.70923
-4.71129
-4.71183
-4.70857
-4.70658
-4.70682
-4.70682
-4.7039
-4.70316
-4.70225
-4.6994
-4.70094
-4.70118
-4.70116
-4.70435
-4.70441
-4.70689
-4.70731
-4.70521
-4.70663
-4.7083
-4.70892
-4.70791
-4.70767
-4.70677
-4.70603
-4.70625
-4.70649
-4.70573
-4.70708
-4.70743
-4.71079
-4.71021
-4.7076
-4.7082
-4.707
-4.70605
-4.70804
-4.70975
-4.70768
-4.70487
-4.70538
-4.70447
-4.70726
-4.70831
-4.70637
-4.70774
-4.7082
-4.70786
-4.70649
-4.70798
-4.70682
-4.70754
-4.70566
-4.707
-4.70922
-4.70804
-4.70601
-4.70543
-4.70545
-4.70587
-4.7039
-4.70439
-4.70435
-4.70469
-4.70542
-4.70562
-4.70626
-4.70465
-4.70289
-4.70499
-4.70408
-4.70257
-4.70337
-4.70255
-4.70277
-4.69971
-4.69942
-4.70187
-4.70151
-4.7025
-4.70317
-4.70415
-4.7041
-4.70359
-4.70346
-4.70467
-4.70306
-4.70456
-4.70477
-4.70343
-4.70347
-4.70402
-4.70485
-4.70695
-4.70624
-4.70625
-4.70633
-4.70613
-4.70556
-4.70342
-4.70461
-4.70449
-4.70551
-4.70671
-4.70725
-4.70696
-4.70889
-4.70891
-4.70719
-4.70651
-4.70776
-4.70705
-4.70902
-4.70842
-4.70929
-4.70829
-4.70618
-4.70745
-4.70559
-4.70489
-4.70779
-4.70955
-4.71065
-4.71067
-4.71055
-4.70898
-4.71051
-4.709
-4.70897
-4.70811
-4.70509
-4.70415
-4.70316
-4.70163
-4.69997
-4.6994
-4.69946
-4.69774
-4.70044
-4.70157
-4.69905
-4.69846
-4.69783
-4.70025
-4.69942
-4.69977
-4.7023
-4.70337
-4.7036
-4.70593
-4.70542
-4.70703
-4.70695
-4.70893
-4.70868
-4.70637
-4.70498
-4.70459
-4.70587
-4.7059
-4.70566
-4.70519
-4.70548
-4.7033
-4.70187
-4.70086
-4.70127
-4.70216
-4.70441
-4.70522
-4.70511
-4.70479
-4.70324
-4.70421
-4.70319
-4.70426
-4.70401
-4.70504
-4.70745
-4.70675
-4.70831
-4.71059
-4.70919
-4.70794
-4.7076
-4.70517
-4.70198
-4.70294
-4.70277
-4.7046
-4.70607
-4.70503
-4.70765
-4.7107
-4.71049
-4.71047
-4.71147
-4.70968
-4.71055
-4.71241
-4.7126
-4.71226
-4.70839
-4.70742
-4.70469
-4.70244
-4.70198
-4.70124
-4.70338
-4.70579
-4.7074
-4.70862
-4.70975
-4.70861
-4.70746
-4.70686
-4.70618
-4.70371
-4.70215
-4.70223
-4.70422
-4.70393
-4.70559
-4.70709
-4.70827
-4.70948
-4.70877
-4.71116
-4.711
-4.71033
-4.71017
-4.71055
-4.71019
-4.70881
-4.7081
-4.70613
-4.70518
-4.70585
-4.70424
-4.704
-4.70294
-4.70506
-4.70426
-4.70861
-4.70992
-4.70773
-4.70644
-4.70724
-4.70819
-4.70898
-4.70677
-4.70646
-4.70746
-4.70786
-4.70665
-4.70831
-4.71083
-4.71036
-4.70992
-4.70888
-4.70687
-4.70543
-4.70581
-4.70649
-4.70568
-4.70739
-4.70908
-4.70706
-4.70918
-4.70741
-4.70387
-4.70253
-4.70359
-4.70183
-4.70164
-4.70281
-4.70115
-4.70241
-4.70449
-4.70684
-4.70635
-4.70711
-4.70489
-4.70376
-4.70432
-4.70721
-4.70589
-4.70489
-4.70623
-4.70935
-4.71175
-4.7099
-4.70942
-4.71001
-4.70975
-4.70598
-4.70403
-4.70466
-4.70119
-4.70149
-4.70371
-4.70492
-4.7067
-4.70722
-4.70976
-4.70741
-4.71084
-4.71089
-4.70772
-4.70744
-4.70704
-4.70633
-4.7044
-4.70427
-4.70311
-4.70165
-4.7028
-4.70128
-4.70219
-4.70191
-4.70267
-4.70212
-4.70371
-4.70602
-4.70642
-4.70721
-4.70746
-4.7075
-4.7054
-4.70346
-4.70373
-4.7015
-4.70179
-4.6989
-4.70011
-4.69899
-4.70195
-4.70301
-4.70589
-4.70936
-4.71054
-4.71431
-4.71471
-4.71435
-4.71147
-4.71117
-4.70946
-4.70656
-4.70625
-4.70357
-4.70354
-4.70284
-4.70271
-4.70264
-4.70497
-4.70724
-4.70365
-4.70293
-4.70289
-4.70139
-4.70203
-4.70367
-4.7038
-4.70203
-4.70347
-4.70664
-4.70717
-4.7103
-4.71091
-4.7115
-4.71018
-4.71123
-4.70853
-4.70886
-4.70831
-4.70819
-4.70827
-4.7064
-4.70502
-4.70369
-4.70193
-4.70279
-4.7045
-4.70547
-4.70629
-4.70709
-4.70861
-4.71013
-4.71146
-4.71155
-4.71281
-4.7115
-4.71051
-4.71023
-4.7098
-4.70994
-4.70907
-4.71042
-4.70917
-4.7095
-4.7082
-4.70699
-4.70669
-4.7052
-4.70574
-4.70775
-4.70665
-4.70446
-4.70246
-4.69858
-4.69605
-4.69701
-4.69894
-4.69983
-4.70119
-4.70295
-4.70505
-4.70581
-4.70414
-4.70352
-4.70236
-4.70338
-4.70324
-4.70504
-4.70954
-4.70908
-4.70872
-4.70887
-4.70836
-4.70791
-4.70653
-4.70899
-4.70868
-4.70673
-4.70583
-4.70357
-4.7011
-4.70067
-4.6986
-4.69828
-4.69813
-4.69994
-4.7036
-4.70438
-4.70573
-4.70694
-4.70635
-4.70529
-4.70295
-4.70351
-4.69983
-4.697
-4.697
-4.69903
-4.70194
-4.70361
-4.70653
-4.70667
-4.70903
-4.70803
-4.70764
-4.70672
-4.7064
-4.70553
-4.7061
-4.70619
-4.70675
-4.70752
-4.70639
-4.70725
-4.71003
-4.7083
-4.70698
-4.70501
-4.70092
-4.70054
-4.69991
-4.69756
-4.69844
-4.69775
-4.69829
-4.70212
-4.70498
-4.70809
-4.70859
-4.70804
-4.70875
-4.71091
-4.70892
-4.70559
-4.7031
-4.70321
-4.70336
-4.7038
-4.70476
-4.70356
-4.70507
-4.7048
-4.7028
-4.70387
-4.70683
-4.70789
-4.70432
-4.70334
-4.70352
-4.70414
-4.70287
-4.70506
-4.70412
-4.70683
-4.70626
-4.70638
-4.70602
-4.70634
-4.70655
-4.70572
-4.70579
-4.70611
-4.70615
-4.70505
-4.70197
-4.70242
-4.70019
-4.70236
-4.7012
-4.7003
-4.70157
-4.70494
-4.70701
-4.70959
-4.71225
-4.71293
-4.71061
-4.7089
-4.70761
-4.70595
-4.70598
-4.70622
-4.70804
-4.70635
-4.706
-4.70805
-4.70921
-4.70769
-4.70864
-4.70841
-4.70771
-4.70695
-4.70472
-4.70375
-4.70263
-4.70214
-4.70072
-4.69989
-4.70104
-4.70377
-4.7069
-4.71027
-4.70772
-4.70631
-4.70249
-4.70081
-4.70059
-4.7024
-4.70219
-4.70259
-4.70099
-4.70144
-4.70208
-4.70231
-4.70101
-4.70274
-4.70478
-4.7041
-4.70782
-4.70982
-4.70934
-4.70939
-4.71001
-4.70951
-4.70825
-4.70716
-4.70545
-4.70446
-4.70545
-4.7074
-4.70632
-4.70376
-4.70412
-4.70472
-4.70556
-4.7071
-4.70628
-4.70794
-4.7086
-4.70984
-4.70993
-4.71198
-4.71202
-4.70951
-4.70699
-4.7067
-4.70681
-4.70744
-4.70606
-4.70361
-4.70354
-4.70576
-4.70536
-4.70363
-4.70449
-4.70571
-4.70692
-4.70424
-4.70482
-4.70452
-4.70793
-4.7095
-4.71147
-4.7102
-4.71014
-4.70731
-4.70806
-4.70812
-4.70655
-4.70639
-4.7074
-4.70611
-4.70648
-4.70574
-4.70563
-4.70429
-4.7065
-4.70753
-4.70905
-4.70863
-4.70628
-4.70547
-4.70548
-4.7033
-4.7058
-4.7071
-4.71164
-4.71106
-4.71313
-4.7139
-4.71347
-4.71098
-4.70602
-4.70442
-4.70393
-4.70102
-4.70149
-4.70232
-4.70153
-4.70366
-4.70582
-4.70905
-4.70896
-4.70896
-4.70958
-4.70993
-4.70675
-4.70786
-4.70843
-4.70631
-4.70398
-4.70495
-4.70655
-4.70549
-4.70571
-4.70652
-4.70534
-4.70457
-4.70287
-4.69947
-4.69834
-4.6973
-4.69792
-4.7011
-4.70106
-4.70329
-4.70597
-4.70385
-4.7051
-4.70565
-4.70468
-4.70779
-4.70973
-4.71034
-4.70969
-4.70891
-4.70669
-4.70672
-4.70694
-4.70754
-4.70511
-4.70331
-4.70481
-4.70484
-4.70271
-4.70469
-4.70695
-4.70793
-4.70685
-4.70887
-4.70954
-4.70831
-4.7053
-4.70454
-4.70386
-4.70117
-4.69886
-4.69993
-4.69917
-4.70041
-4.70317
-4.70305
-4.70666
-4.70521
-4.70686
-4.70645
-4.7083
-4.70819
-4.70702
-4.70734
-4.70831
-4.7064
-4.704
-4.70208
-4.70221
-4.70373
-4.70623
-4.70567
-4.70798
-4.70649
-4.70599
-4.70545
-4.70592
-4.70591
-4.70466
-4.70493
-4.70578
-4.70384
-4.70245
-4.70209
-4.70367
-4.70271
-4.70099
-4.698
-4.69646
-4.6984
-4.69769
-4.6999
-4.69954
-4.70217
-4.70649
-4.70743
-4.71042
-4.71021
-4.7115
-4.71214
-4.71171
-4.71082
-4.70874
-4.70986
-4.70737
-4.70702
-4.70483
-4.7069
-4.7068
-4.7081
-4.70627
-4.70546
-4.70602
-4.70639
-4.70824
-4.70692
-4.70742
-4.70949
-4.70783
-4.708
-4.70663
-4.70495
-4.70515
-4.70508
-4.7045
-4.70185
-4.70296
-4.70283
-4.705
-4.70488
-4.70742
-4.70847
-4.70729
-4.70671
-4.70816
-4.70838
-4.71083
-4.71177
-4.71239
-4.70786
-4.70712
-4.70565
-4.70532
-4.70095
-4.69937
-4.69995
-4.70129
-4.70027
-4.6974
-4.69729
-4.69732
-4.69707
-4.69742
-4.69962
-4.70074
-4.70368
-4.70614
-4.70614
-4.70463
-4.70521
-4.70513
-4.7046
-4.70578
-4.70686
-4.70744
-4.70631
-4.70673
-4.70683
-4.70943
-4.70832
-4.70673
-4.70636
-4.70574
-4.70325
-4.7028
-4.70277
-4.70287
-4.70276
-4.70587
-4.70547
-4.70479
-4.70423
-4.70507
-4.70499
-4.70591
-4.70596
-4.70753
-4.70753
-4.70667
-4.70661
-4.70606
-4.70566
-4.70609
-4.70799
-4.71033
-4.71234
-4.70934
-4.7087
-4.70688
-4.70789
-4.70829
-4.70883
-4.70695
-4.70689
-4.70803
-4.71038
-4.71088
-4.71312
-4.7107
-4.70864
-4.70636
-4.70728
-4.70723
-4.70754
-4.70556
-4.70522
-4.70565
-4.70614
-4.70669
-4.70625
-4.70658
-4.70605
-4.70648
-4.70781
-4.70951
-4.71006
-4.71157
-4.71009
-4.70944
-4.70771
-4.70731
-4.70429
-4.70478
-4.70352
-4.7028
-4.70225
-4.70439
-4.70428
-4.7066
-4.70671
-4.70712
-4.70615
-4.70384
-4.70177
-4.70429
-4.70501
-4.70674
-4.70812
-4.70902
-4.71015
-4.70991
-4.71055
-4.71094
-4.70989
-4.70972
-4.71048
-4.71089
-4.71161
-4.71254
-4.71228
-4.71358
-4.71307
-4.71161
-4.71043
-4.7085
-4.70647
-4.70184
-4.70131
-4.69868
-4.69615
-4.69815
-4.6973
-4.69964
-4.70264
-4.70244
-4.70503
-4.70713
-4.71031
-4.71095
-4.71184
-4.71326
-4.71291
-4.71284
-4.71132
-4.708
-4.708
-4.70663
-4.70584
-4.70577
-4.70839
-4.71081
-4.7099
-4.71137
-4.71176
-4.70938
-4.70964
-4.70846
-4.70769
-4.70685
-4.7063
-4.70455
-4.70403
-4.70351
-4.70297
-4.70282
-4.70343
-4.70305
-4.70475
-4.70401
-4.7024
-4.70285
-4.70262
-4.70244
-4.70446
-4.70644
-4.70738
-4.70807
-4.70887
-4.70926
-4.71
-4.70683
-4.70371
-4.70189
-4.70281
-4.70127
-4.69966
-4.31754
-4.31727
-4.31967
-4.31845
-4.31831
-4.32031
-4.32021
-4.32366
-4.32383
-4.32367
-4.32502
-4.32446
-4.32021
-4.31914
-4.3196
-4.31703
-4.3171
-4.31754
-4.31826
-4.3191
-4.31956
-4.32171
-4.32057
-4.31892
-4.31913
-4.31854
-4.31787
-4.31934
-4.32067
-4.31964
-4.32012
-4.32199
-4.32357
-4.32355
-4.32375
-4.32394
-4.3245
-4.32186
-4.32052
-4.31837
-4.3181
-4.31727
-4.31641
-4.31778
-4.32229
-4.3228
-4.32135
-4.32086
-4.31926
-4.31755
-4.31776
-4.31536
-4.31761
-4.31765
-4.3201
-4.32072
-4.3237
-4.32359
-4.32286
-4.3222
-4.32053
-4.3207
-4.32029
-4.31974
-4.31977
-4.32
-4.31837
-4.31956
-4.32055
-4.32041
-4.31953
-4.31902
-4.31772
-4.31717
-4.3182
-4.31876
-4.31937
-4.32381
-4.3242
-4.32295
-4.32275
-4.31972
-4.3177
-4.31895
-4.31754
-4.31603
-4.31624
-4.3198
-4.32114
-4.32221
-4.32339
-4.32586
-4.32718
-4.32786
-4.32513
-4.32329
-4.3235
-4.3198
-4.31737
-4.31833
-4.31765
-4.31809
-4.32033
-4.31956
-4.3215
-4.3218
-4.32345
-4.32461
-4.32471
-4.32561
-4.32537
-4.32628
-4.32776
-4.32728
-4.32412
-4.31951
-4.31755
-4.31493
-4.31319
-4.31238
-4.31373
-4.315
-4.31758
-4.31653
-4.31607
-4.31457
-4.31485
-4.31752
-4.32258
-4.32321
-4.32494
-4.32432
-4.32056
-4.3199
-4.31696
-4.31733
-4.31615
-4.31581
-4.31817
-4.31972
-4.32012
-4.31972
-4.32064
-4.32094
-4.32028
-4.3212
-4.31984
-4.31989
-4.31932
-4.31801
-4.32034
-4.31985
-4.32226
-4.32475
-4.3274
-4.33071
-4.33005
-4.32862
-4.32801
-4.32404
-4.31971
-4.32038
-4.31821
-4.3177
-4.3169
-4.31607
-4.31657
-4.31894
-4.3219
-4.32432
-4.32623
-4.3287
-4.3277
-4.32712
-4.32657
-4.32525
-4.32697
-4.32577
-4.32555
-4.32337
-4.31904
-4.31654
-4.31681
-4.31436
-4.31397
-4.31439
-4.31399
-4.31247
-4.31383
-4.31819
-4.31939
-4.32231
-4.32538
-4.32434
-4.32596
-4.32678
-4.32624
-4.32637
-4.3279
-4.32789
-4.32638
-4.32513
-4.32651
-4.32474
-4.32414
-4.3238
-4.32546
-4.3269
-4.32814
-4.32526
-4.32531
-4.32393
-4.32214
-4.32095
-4.32475
-4.32427
-4.32687
-4.32955
-4.32881
-4.32593
-4.32651
-4.32506
-4.3219
-4.32011
-4.31955
-4.31922
-4.31837
-4.31749
-4.31894
-4.32032
-4.32343
-4.32437
-4.3252
-4.32578
-4.3239
-4.32359
-4.32358
-4.32147
-4.32205
-4.32248
-4.32106
-4.32087
-4.32184
-4.32342
-4.32419
-4.3217
-4.32203
-4.32175
-4.32101
-4.32272
-4.32149
-4.32226
-4.32248
-4.32116
-4.32253
-4.32361
-4.32358
-4.32194
-4.32154
-4.31989
-4.3175
-4.31718
-4.31846
-4.31977
-4.32132
-4.32093
-4.32194
-4.32207
-4.32281
-4.32118
-4.3195
-4.32066
-4.32289
-4.32377
-4.32608
-4.3264
-4.32517
-4.32333
-4.32168
-4.31809
-4.31791
-4.31597
-4.31552
-4.31774
-4.3178
-4.3185
-4.31785
-4.31757
-4.31899
-4.31976
-4.31897
-4.32121
-4.32272
-4.32364
-4.32545
-4.3264
-4.32762
-4.32757
-4.32449
-4.32472
-4.32192
-4.32075
-4.31897
-4.31858
-4.31613
-4.31735
-4.31987
-4.31925
-4.32077
-4.32178
-4.32133
-4.32358
-4.3234
-4.32412
-4.32514
-4.32743
-4.32532
-4.3264
-4.32512
-4.32382
-4.32652
-4.32391
-4.32374
-4.3205
-4.31847
-4.31651
-4.31646
-4.31565
-4.31496
-4.31901
-4.32024
-4.32319
-4.32412
-4.32491
-4.32696
-4.32757
-4.32546
-4.32232
-4.32122
-4.31915
-4.31966
-4.31668
-4.31508
-4.31571
-4.31562
-4.31521
-4.31795
-4.32272
-4.32308
-4.3235
-4.32511
-4.3245
-4.32279
-4.32132
-4.32107
-4.32008
-4.32033
-4.32175
-4.31948
-4.31746
-4.31563
-4.31443
-4.31529
-4.31961
-4.32184
-4.32498
-4.32726
-4.32775
-4.32728
-4.32614
-4.32613
-4.3217
-4.32186
-4.32069
-4.32159
-4.32095
-4.31995
-4.32013
-4.3204
-4.32271
-4.32287
-4.32255
-4.32204
-4.32409
-4.32327
-4.32066
-4.31974
-4.31928
-4.31918
-4.31977
-4.31909
-4.31769
-4.31785
-4.32068
-4.3194
-4.31954
-4.32067
-4.31924
-4.32024
-4.32024
-4.31942
-4.32093
-4.32347
-4.32581
-4.32568
-4.32707
-4.32747
-4.32469
-4.3223
-4.32368
-4.32277
-4.32362
-4.3232
-4.32452
-4.32455
-4.32686
-4.32686
-4.32529
-4.32416
-4.32228
-4.32083
-4.32192
-4.32307
-4.32431
-4.32827
-4.32867
-4.32721
-4.32608
-4.32473
-4.3229
-4.32029
-4.32116
-4.32071
-4.31905
-4.31908
-4.32115
-4.32147
-4.3248
-4.32453
-4.32617
-4.32495
-4.3262
-4.32642
-4.3268
-4.32621
-4.32359
-4.32166
-4.32074
-4.31872
-4.3189
-4.32127
-4.3237
-4.32593
-4.32706
-4.32479
-4.32304
-4.32245
-4.32016
-4.31573
-4.31631
-4.31671
-4.3164
-4.31749
-4.31614
-4.31691
-4.31726
-4.31932
-4.31836
-4.31743
-4.31712
-4.31712
-4.31847
-4.31983
-4.32226
-4.32349
-4.32458
-4.32388
-4.32138
-4.32242
-4.32223
-4.32167
-4.32273
-4.32395
-4.32347
-4.32317
-4.31986
-4.31906
-4.32014
-4.31949
-4.31972
-4.31948
-4.32028
-4.31898
-4.3194
-4.3213
-4.31978
-4.32252
-4.32303
-4.32356
-4.32311
-4.3235
-4.32297
-4.32305
-4.32439
-4.32547
-4.32354
-4.32292
-4.32266
-4.32503
-4.32262
-4.32233
-4.32172
-4.32085
-4.32006
-4.31898
-4.3206
-4.32156
-4.32319
-4.32699
-4.32792
-4.3293
-4.32914
-4.32733
-4.3277
-4.32297
-4.31926
-4.31921
-4.31675
-4.31614
-4.31539
-4.31647
-4.32049
-4.32353
-4.32503
-4.32822
-4.32902
-4.33154
-4.33216
-4.32645
-4.32278
-4.32129
-4.31907
-4.31747
-4.31452
-4.31416
-4.31441
-4.31467
-4.31446
-4.31933
-4.32432
-4.32509
-4.32654
-4.32888
-4.32921
-4.32738
-4.32818
-4.32345
-4.32095
-4.32176
-4.32189
-4.31895
-4.31923
-4.31802
-4.31745
-4.31771
-4.3197
-4.32037
-4.32424
-4.32658
-4.32504
-4.32427
-4.3254
-4.32436
-4.32329
-4.32204
-4.32179
-4.32204
-4.32103
-4.32043
-4.32102
-4.32219
-4.32146
-4.32339
-4.32365
-4.32363
-4.3235
-4.32132
-4.31808
-4.31709
-4.31637
-4.31733
-4.31927
-4.31901
-4.32171
-4.32193
-4.3238
-4.32669
-4.32799
-4.32731
-4.32523
-4.32458
-4.32762
-4.32475
-4.323
-4.32263
-4.32547
-4.32508
-4.3253
-4.32409
-4.32461
-4.32176
-4.32032
-4.32048
-4.32094
-4.32136
-4.32068
-4.32374
-4.32292
-4.32238
-4.32067
-4.32105
-4.32159
-4.32276
-4.32441
-4.32339
-4.32186
-4.31961
-4.3208
-4.32092
-4.32084
-4.32306
-4.32717
-4.32612
-4.32695
-4.32926
-4.32932
-4.32574
-4.32621
-4.32443
-4.32246
-4.32232
-4.3214
-4.32259
-4.32527
-4.32629
-4.32481
-4.32534
-4.32869
-4.32776
-4.32948
-4.33185
-4.33264
-4.33027
-4.32921
-4.3272
-4.32829
-4.32828
-4.32782
-4.32665
-4.32845
-4.32966
-4.33036
-4.33041
-4.32581
-4.32486
-4.32206
-4.32143
-4.32008
-4.31875
-4.31787
-4.31899
-4.31878
-4.31973
-4.31965
-4.32132
-4.32102
-4.32282
-4.32515
-4.32478
-4.32462
-4.32496
-4.32323
-4.32516
-4.32349
-4.32264
-4.32121
-4.31901
-4.31934
-4.31826
-4.3186
-4.31766
-4.31704
-4.31814
-4.31525
-4.31611
-4.31668
-4.31625
-4.3169
-4.31642
-4.3176
-4.31985
-4.32279
-4.32352
-4.32576
-4.32547
-4.32435
-4.32404
-4.32193
-4.31853
-4.31827
-4.31777
-4.31708
-4.31607
-4.31739
-4.3182
-4.32015
-4.32237
-4.32273
-4.32451
-4.32366
-4.32258
-4.32261
-4.32146
-4.31989
-4.31778
-4.31728
-4.31651
-4.31405
-4.3149
-4.31722
-4.31824
-4.31821
-4.31789
-4.3188
-4.31798
-4.31798
-4.31767
-4.31963
-4.32017
-4.32161
-4.32165
-4.32482
-4.32251
-4.32184
-4.31907
-4.31979
-4.31888
-4.31639
-4.3154
-4.31495
-4.31439
-4.31321
-4.31429
-4.31661
-4.31909
-4.32277
-4.32426
-4.32541
-4.32409
-4.3237
-4.32214
-4.31897
-4.31935
-4.32141
-4.31972
-4.32039
-4.31954
-4.31614
-4.31768
-4.31704
-4.31746
-4.31744
-4.31817
-4.32016
-4.32375
-4.32485
-4.32266
-4.32191
-4.32103
-4.32039
-4.31828
-4.31607
-4.31405
-4.31387
-4.31235
-4.31385
-4.31587
-4.31939
-4.3217
-4.32294
-4.32196
-4.32186
-4.32372
-4.32344
-4.32351
-4.3211
-4.32087
-4.3191
-4.31764
-4.31613
-4.31807
-4.32013
-4.32021
-4.32368
-4.32162
-4.31952
-4.32147
-4.32159
-4.32333
-4.32342
-4.32727
-4.32802
-4.33008
-4.32903
-4.32891
-4.32775
-4.32765
-4.32534
-4.32346
-4.32131
-4.321
-4.32257
-4.3246
-4.32592
-4.32446
-4.3247
-4.32498
-4.32592
-4.32589
-4.32682
-4.32446
-4.32612
-4.32459
-4.32284
-4.32209
-4.32296
-4.32069
-4.32088
-4.32085
-4.32062
-4.31995
-4.3182
-4.31671
-4.31694
-4.3178
-4.31863
-4.32047
-4.32198
-4.32229
-4.32249
-4.32164
-4.31973
-4.31807
-4.31833
-4.31867
-4.31947
-4.31904
-4.31952
-4.31835
-4.31845
-4.3189
-4.32106
-4.3216
-4.32357
-4.32272
-4.32252
-4.32516
-4.32607
-4.32361
-4.32146
-4.32086
-4.32169
-4.3198
-4.3204
-4.32016
-4.32325
-4.32425
-4.32476
-4.32605
-4.32575
-4.32383
-4.32352
-4.32273
-4.32172
-4.31998
-4.31891
-4.31834
-4.32153
-4.32129
-4.32332
-4.32346
-4.32413
-4.32456
-4.32366
-4.32382
-4.32284
-4.32196
-4.3223
-4.3209
-4.32124
-4.32283
-4.32431
-4.32431
-4.3243
-4.32485
-4.32559
-4.32389
-4.32234
-4.32018
-4.32105
-4.31854
-4.32021
-4.32282
-4.32329
-4.32385
-4.32523
-4.32463
-4.32251
-4.32054
-4.32134
-4.32033
-4.31823
-4.31807
-4.32065
-4.32245
-4.32642
-4.32664
-4.32665
-4.32757
-4.32749
-4.3272
-4.32372
-4.32245
-4.32228
-4.31972
-4.31832
-4.31871
-4.31862
-4.31751
-4.31739
-4.31805
-4.31795
-4.31996
-4.32056
-4.32214
-4.32289
-4.32351
-4.32181
-4.31976
-4.3185
-4.31821
-4.3177
-4.32078
-4.3216
-4.32441
-4.32681
-4.32775
-4.32836
-4.32768
-4.32802
-4.32998
-4.3286
-4.32675
-4.3257
-4.32487
-4.32281
-4.3214
-4.31732
-4.31437
-4.31563
-4.31608
-4.31865
-4.32004
-4.32158
-4.32345
-4.3224
-4.32356
-4.32366
-4.32287
-4.32053
-4.32028
-4.32131
-4.32079
-4.31817
-4.31652
-4.31751
-4.31785
-4.31905
-4.32002
-4.32344
-4.32653
-4.328
-4.32734
-4.32858
-4.32485
-4.32375
-4.32262
-4.3207
-4.32191
-4.32098
-4.10242
-4.1032
-4.10199
-4.10231
-4.10096
-4.10196
-4.10462
-4.10373
-4.10464
-4.10611
-4.10353
-4.10227
-4.10307
-4.10255
-4.10157
-4.10448
-4.10473
-4.10567
-4.10674
-4.1034
-4.10348
-4.10049
-4.10335
-4.10011
-4.09869
-4.09877
-4.10068
-4.10312
-4.10368
-4.10652
-4.10713
-4.10576
-4.10741
-4.10848
-4.10799
-4.10619
-4.10664
-4.10599
-4.10601
-4.10766
-4.10749
-4.10703
-4.10476
-4.10553
-4.1064
-4.10823
-4.10692
-4.10674
-4.10662
-4.10649
-4.10638
-4.10422
-4.10137
-4.09963
-4.09916
-4.10116
-4.10271
-4.10447
-4.10555
-4.10345
-4.10474
-4.10673
-4.1074
-4.10711
-4.1068
-4.10564
-4.10467
-4.10581
-4.1098
-4.11325
-4.1134
-4.11451
-4.11257
-4.11305
-4.11196
-4.11014
-4.10582
-4.10564
-4.1036
-4.09977
-4.09941
-4.09687
-4.10188
-4.10238
-4.10522
-4.11167
-4.11647
-4.11605
-4.11555
-4.11144
-4.1097
-4.10725
-4.10776
-4.10627
-4.10379
-4.10443
-4.10556
-4.10835
-4.10934
-4.11054
-4.1098
-4.10717
-4.10303
-4.09922
-4.09845
-4.09762
-4.09927
-4.10197
-4.1043
-4.1055
-4.10445
-4.10452
-4.102
-4.10214
-4.10364
-4.10497
-4.10477
-4.10525
-4.10675
-4.10891
-4.11182
-4.11303
-4.11101
-4.10752
-4.10485
-4.10147
-4.10036
-4.09889
-4.09919
-4.09907
-4.09907
-4.10241
-4.10629
-4.10793
-4.10907
-4.1092
-4.10703
-4.10702
-4.11058
-4.11086
-4.1101
-4.10956
-4.10803
-4.10631
-4.10363
-4.10147
-4.10038
-4.10262
-4.10265
-4.1055
-4.10517
-4.10547
-4.10527
-4.10348
-4.10214
-4.09988
-4.10413
-4.10607
-4.1059
-4.10455
-4.10709
-4.1076
-4.10882
-4.11082
-4.10857
-4.10971
-4.10978
-4.10909
-4.10545
-4.10105
-4.0992
-4.09878
-4.09818
-4.10105
-4.10414
-4.10611
-4.10818
-4.11123
-4.10765
-4.10799
-4.10805
-4.10857
-4.10716
-4.10928
-4.11169
-4.11131
-4.11093
-4.11147
-4.11153
-4.1103
-4.10815
-4.10958
-4.10859
-4.10868
-4.10574
-4.1057
-4.10542
-4.10419
-4.10501
-4.10563
-4.10689
-4.10601
-4.10576
-4.10441
-4.10419
-4.10129
-4.10374
-4.10409
-4.10249
-4.10359
-4.10765
-4.11079
-4.11274
-4.11382
-4.11186
-4.11212
-4.11001
-4.10842
-4.106
-4.10596
-4.10571
-4.10489
-4.10618
-4.10768
-4.10829
-4.10809
-4.11055
-4.11257
-4.11295
-4.11361
-4.10891
-4.10591
-4.10738
-4.10626
-4.10547
-4.10459
-4.10404
-4.1057
-4.10485
-4.10487
-4.10462
-4.10216
-4.10144
-4.10329
-4.10481
-4.10821
-4.10818
-4.10722
-4.10847
-4.10982
-4.11175
-4.11322
-4.11356
-4.1136
-4.11236
-4.11229
-4.11087
-4.10953
-4.10716
-4.10578
-4.1043
-4.10611
-4.10285
-4.10324
-4.10572
-4.10628
-4.10462
-4.1062
-4.1072
-4.1075
-4.10748
-4.109
-4.10577
-4.10263
-4.10075
-4.09727
-4.09591
-4.09497
-4.09581
-4.09764
-4.10195
-4.10287
-4.10527
-4.1063
-4.10516
-4.10556
-4.10462
-4.10675
-4.10875
-4.10965
-4.1077
-4.10811
-4.10832
-4.10848
-4.10808
-4.10525
-4.10398
-4.10083
-4.10144
-4.1008
-4.10162
-4.1008
-4.10122
-4.10207
-4.10275
-4.10459
-4.10547
-4.10534
-4.10819
-4.10726
-4.10808
-4.10758
-4.1071
-4.10575
-4.10576
-4.10573
-4.1022
-4.10343
-4.10393
-4.10208
-4.10221
-4.10371
-4.1067
-4.10758
-4.1078
-4.10625
-4.10591
-4.10431
-4.10241
-4.10203
-4.10055
-4.10298
-4.10358
-4.10375
-4.10659
-4.10784
-4.10594
-4.10626
-4.10666
-4.10488
-4.10499
-4.10451
-4.10245
-4.10095
-4.10005
-4.10065
-4.10024
-4.10038
-4.10023
-4.10254
-4.10515
-4.10876
-4.1112
-4.11135
-4.11056
-4.11161
-4.10992
-4.10629
-4.10471
-4.10456
-4.10495
-4.10526
-4.10337
-4.10155
-4.1013
-4.09903
-4.09724
-4.09798
-4.09897
-4.10395
-4.10683
-4.10656
-4.10664
-4.10557
-4.10455
-4.10621
-4.10213
-4.10157
-4.10273
-4.1025
-4.10341
-4.10584
-4.10878
-4.10774
-4.10702
-4.10585
-4.10709
-4.10711
-4.10783
-4.10585
-4.10895
-4.11132
-4.10994
-4.10773
-4.10821
-4.10904
-4.1079
-4.10814
-4.10803
-4.10517
-4.10345
-4.10226
-4.10298
-4.10167
-4.10276
-4.10268
-4.10518
-4.10636
-4.1093
-4.10975
-4.11
-4.10785
-4.10632
-4.10537
-4.10203
-4.10031
-4.10132
-4.10054
-4.10064
-4.09966
-4.09851
-4.09727
-4.09415
-4.0948
-4.09824
-4.10204
-4.10696
-4.11014
-4.11199
-4.11013
-4.10795
-4.10609
-4.10558
-4.10567
-4.1045
-4.10663
-4.10831
-4.10696
-4.10748
-4.10405
-4.10192
-4.10245
-4.10197
-4.10307
-4.10418
-4.10628
-4.10945
-4.1102
-4.10884
-4.11082
-4.11146
-4.11184
-4.1106
-4.10807
-4.1052
-4.10673
-4.10246
-4.10222
-4.10284
-4.10231
-4.10209
-4.10364
-4.10392
-4.10746
-4.10679
-4.10611
-4.10822
-4.10714
-4.10638
-4.10641
-4.10516
-4.1065
-4.10831
-4.10973
-4.10713
-4.10393
-4.10385
-4.10448
-4.10309
-4.10237
-4.10385
-4.10498
-4.1051
-4.10423
-4.10626
-4.1049
-4.10479
-4.10572
-4.10607
-4.10671
-4.10581
-4.10633
-4.10741
-4.10848
-4.10927
-4.10972
-4.11033
-4.1095
-4.10956
-4.10889
-4.10865
-4.10633
-4.10599
-4.10552
-4.10735
-4.10764
-4.10547
-4.10375
-4.10354
-4.10447
-4.10365
-4.10635
-4.10751
-4.11044
-4.11262
-4.11384
-4.113
-4.11156
-4.11037
-4.10768
-4.10928
-4.10853
-4.10845
-4.10846
-4.10953
-4.10999
-4.1097
-4.10749
-4.1076
-4.10872
-4.10795
-4.10822
-4.10971
-4.10782
-4.10725
-4.10865
-4.10871
-4.10909
-4.10909
-4.10492
-4.1043
-4.10424
-4.10495
-4.10458
-4.10392
-4.1045
-4.10406
-4.10676
-4.10641
-4.1071
-4.10751
-4.10779
-4.10717
-4.10404
-4.10344
-4.10499
-4.10493
-4.10447
-4.10167
-4.1012
-4.09806
-4.09853
-4.10036
-4.10062
-4.10114
-4.10313
-4.10652
-4.10668
-4.10918
-4.11071
-4.10988
-4.10887
-4.10577
-4.10389
-4.10181
-4.10268
-4.10459
-4.10529
-4.10528
-4.10761
-4.10867
-4.10869
-4.10827
-4.1092
-4.10868
-4.10832
-4.10965
-4.11021
-4.10916
-4.10938
-4.10926
-4.10699
-4.10725
-4.10537
-4.10182
-4.10228
-4.10131
-4.1011
-4.10299
-4.10336
-4.10331
-4.10135
-4.10035
-4.10267
-4.10428
-4.10119
-4.09957
-4.10308
-4.10313
-4.10243
-4.10302
-4.10208
-4.10289
-4.10309
-4.10537
-4.10907
-4.10899
-4.11009
-4.10814
-4.10657
-4.10533
-4.10332
-4.1022
-4.10006
-4.10093
-4.09973
-4.09766
-4.09972
-4.10258
-4.10336
-4.10417
-4.1035
-4.10351
-4.10653
-4.1068
-4.10571
-4.10466
-4.10312
-4.10449
-4.10467
-4.10474
-4.10726
-4.10729
-4.10984
-4.10991
-4.10913
-4.10603
-4.10594
-4.10524
-4.10332
-4.1037
-4.10277
-4.10238
-4.10337
-4.10651
-4.10736
-4.10874
-4.10782
-4.10586
-4.10698
-4.10715
-4.10626
-4.10662
-4.10801
-4.10597
-4.10564
-4.10491
-4.1037
-4.10345
-4.10085
-4.10142
-4.10193
-4.1044
-4.10342
-4.10689
-4.10736
-4.10804
-4.10669
-4.1081
-4.11078
-4.11091
-4.11087
-4.11093
-4.11121
-4.11029
-4.11008
-4.10821
-4.10966
-4.11076
-4.10963
-4.11121
-4.10825
-4.10671
-4.10672
-4.10418
-4.10365
-4.10316
-4.1031
-4.10068
-4.09989
-4.10107
-4.10241
-4.10108
-4.10281
-4.1029
-4.10387
-4.10546
-4.10707
-4.10892
-4.10983
-4.10897
-4.10603
-4.10571
-4.10282
-4.10273
-4.10316
-4.10174
-4.10041
-4.09969
-4.10047
-4.10209
-4.10352
-4.10355
-4.10306
-4.09954
-4.10258
-4.10147
-4.10135
-4.10523
-4.10623
-4.10922
-4.10644
-4.10336
-4.10373
-4.10305
-4.10287
-4.10288
-4.10609
-4.10768
-4.11198
-4.11304
-4.11296
-4.11223
-4.11137
-4.1084
-4.10527
-4.10413
-4.1022
-4.10228
-4.10413
-4.10915
-4.11254
-4.11411
-4.1125
-4.11124
-4.11138
-4.10872
-4.10838
-4.10633
-4.10433
-4.10368
-4.10321
-4.10178
-4.10073
-4.10227
-4.10221
-4.1031
-4.10444
-4.10462
-4.10331
-4.1013
-4.09949
-4.0985
-4.09697
-4.09812
-4.09901
-4.10239
-4.1017
-4.10568
-4.1102
-4.11218
-4.11273
-4.11268
-4.11197
-4.11149
-4.10849
-4.10819
-4.10694
-4.10747
-4.10738
-4.10573
-4.1044
-4.10235
-4.10011
-4.10028
-4.10343
-4.10142
-4.10366
-4.10554
-4.10778
-4.10934
-4.11194
-4.11121
-4.11142
-4.11048
-4.10713
-4.10757
-4.10524
-4.10629
-4.10346
-4.10251
-4.10473
-4.10745
-4.11046
-4.1103
-4.11069
-4.11068
-4.10868
-4.10632
-4.102
-4.09969
-4.0993
-4.09671
-4.0974
-4.09779
-4.0999
-4.09969
-4.10047
-4.10315
-4.10299
-4.10528
-4.10884
-4.109
-4.10859
-4.1089
-4.10955
-4.10714
-4.10798
-4.10808
-4.1102
-4.11251
-4.11019
-4.10859
-4.10668
-4.104
-4.10097
-4.09933
-4.09948
-4.09876
-4.10207
-4.10432
-4.10316
-4.10532
-4.10671
-4.10689
-4.10488
-4.104
-4.10195
-4.10196
-4.09999
-4.10192
-4.10576
-4.10489
-4.10619
-4.10636
-4.1074
-4.10722
-4.10563
-4.10579
-4.10985
-4.11069
-4.10915
-4.10816
-4.11029
-4.10739
-4.11072
-4.11061
-4.11269
-4.11289
-4.11146
-4.11008
-4.11045
-4.1114
-4.11175
-4.10774
-4.10631
-4.10751
-4.10385
-4.10362
-4.10446
-4.10475
-4.10685
-4.10626
-4.10682
-4.10799
-4.10828
-4.10952
-4.10944
-4.10986
-4.11055
-4.10969
-4.10927
-4.10609
-4.10542
-4.10341
-4.09973
-4.10149
-4.10307
-4.1063
-4.10916
-4.11104
-4.11121
-4.11323
-4.11092
-4.11197
-4.11121
-4.10815
-4.10773
-4.10682
-4.10622
-4.10251
-4.10258
-4.10276
-4.10343
-4.10228
-4.103
-4.10224
-4.10458
-4.10671
-4.10718
-4.10754
-4.10944
-4.10834
-4.10995
-4.11251
-4.11091
-4.11129
-4.1096
-4.11058
-4.10884
-4.10664
-4.10432
-4.10548
-4.1072
-4.10958
-4.10682
-4.10649
-4.10446
-4.10367
-4.10548
-4.10582
-4.10513
-4.10353
-4.10625
-4.10863
-4.11042
-4.11361
-4.11441
-4.11427
-4.11376
-4.1152
-4.11442
-4.11188
-4.11026
-4.10911
-4.10766
-4.10706
-4.10488
-4.10164
-4.10288
-4.10382
-4.103
-4.1039
-4.10436
-4.10321
-4.1028
-4.1043
-4.105
-4.10419
-4.10297
-4.10276
-4.10206
-4.10314
-4.10524
-4.10437
-4.10402
-4.10395
-4.10661
-4.10733
-4.10801
-4.10747
-4.10904
-4.10992
-4.10681
-4.10689
-4.10526
-4.10376
-4.10251
-4.10146
-4.10179
