1.38823
1.34832
1.28183
1.19068
1.0783
0.950365
0.81517
0.683422
0.566963
0.476361
0.418331
0.394076
0.399412
0.426507
0.466156
0.509725
0.550343
0.583335
0.606167
0.618129
0.619916
0.613255
0.600519
0.584377
0.567539
0.552462
0.541265
0.535731
0.537292
0.546956
0.565142
0.591449
0.62443
0.661611
0.699835
0.735805
0.766688
0.790459
0.806124
0.813751
0.814418
0.809919
0.802364
0.793852
0.785957
0.77952
0.774618
0.770781
0.76729
0.763509
0.758975
0.753431
0.746776
0.739081
0.730606
0.721787
0.713358
0.706295
0.701715
0.700572
0.70341
0.709976
0.719241
0.729741
0.74009
0.749464
0.757688
0.764987
0.771597
0.777394
0.781987
0.784867
0.785752
0.784635
0.781805
0.777623
0.772421
0.76628
0.759067
0.750696
0.741508
0.732379
0.724593
0.719411
0.717294
0.717514
0.718429
0.718081
0.714871
0.707937
0.697293
0.68383
0.66915
0.655226
0.643915
0.63658
0.63396
0.636147
0.642724
0.652904
0.665509
0.679003
0.691489
0.701005
0.705853
0.704935
0.698048
0.68596
0.670323
0.653465
0.638056
0.626833
0.622127
0.625415
0.637194
0.656819
0.682717
0.712615
0.743915
0.773991
0.800502
0.821673
0.836422
0.84447
0.846325
0.843124
0.836417
0.827943
0.819147
0.810797
0.802779
0.79429
0.784457
0.772919
0.760102
0.746951
0.734341
0.722645
0.711848
0.701885
0.692788
0.684634
0.677431
0.671164
0.665828
0.661752
0.659566
0.660076
0.663883
0.671108
0.681281
0.693542
0.706919
0.720577
0.733873
0.746216
0.756967
0.765208
0.769756
0.769412
0.763383
0.751879
0.736455
0.719823
0.705108
0.69457
0.688601
0.685838
0.684452
0.683454
0.683106
0.684415
0.688347
0.69515
0.704212
0.714394
0.724593
0.733957
0.741938
0.748097
0.752102
0.753858
0.753625
0.752015
0.750024
0.748709
0.748892
0.750833
0.754168
0.757984
0.761208
0.762984
0.762885
0.761018
0.75779
0.753523
0.748462
0.742895
0.737288
0.732208
0.728226
0.725647
0.72454
0.724682
0.725578
0.726563
0.727075
0.726799
0.725777
0.72429
0.722809
0.721981
0.722282
0.723865
0.726582
0.729917
0.733201
0.735883
0.737727
0.738829
0.739603
0.740427
0.741209
0.741275
0.739516
0.734981
0.727414
0.717377
0.706337
0.69625
0.68899
0.685801
0.68695
0.691673
0.69842
0.705335
0.710593
0.712887
0.711523
0.706499
0.69841
0.688328
0.677712
0.668266
0.661891
0.660333
0.664782
0.675473
0.691479
0.710967
0.731642
0.751326
0.768362
0.781733
0.790943
0.795987
0.797175
0.794947
0.789845
0.782532
0.773656
0.763946
0.754034
0.744482
0.735541
0.727218
0.71943
0.712265
0.706286
0.702642
0.702688
0.707363
0.716439
0.728263
0.74014
0.749264
0.753668
0.752831
0.74779
0.740719
0.73412
0.729847
0.728664
0.730027
0.732568
0.734748
0.735432
0.734252
0.731622
0.728374
0.725317
0.722784
0.720548
0.718094
0.715068
0.71164
0.708602
0.707148
0.708334
0.712454
0.71861
0.725078
0.730054
0.732202
0.730948
0.726469
0.719509
0.711025
0.701925
0.692901
0.684457
0.677017
0.671038
0.666999
0.665377
0.66664
0.67106
0.678522
0.688568
0.700527
0.713636
0.727118
0.74004
0.751338
0.759775
0.764201
0.76399
0.759414
0.751813
0.743124
0.735207
0.729316
0.725875
0.724813
0.72582
0.728484
0.732385
0.737099
0.742172
0.747056
0.751128
0.753616
0.753672
0.750489
0.743708
0.733586
0.721138
0.707986
0.695966
0.686671
0.681112
0.679499
0.681288
0.685339
0.690234
0.694638
0.697779
0.699658
0.70075
0.701621
0.70257
0.703636
0.704917
0.706832
0.710058
0.715152
0.722236
0.730755
0.739532
0.747175
0.752542
0.754977
0.75433
0.7508
0.744742
0.73674
0.727965
0.720382
0.716182
0.716525
0.720844
0.727365
0.734314
0.740695
0.746274
0.751313
0.756208
0.761319
0.76662
0.771568
0.775287
0.776826
0.775543
0.771169
0.763564
0.75273
0.738901
0.722782
0.705766
0.689794
0.676902
0.668696
0.665937
0.668622
0.676201
0.687646
0.701694
0.716707
0.730745
0.741936
0.749043
0.751863
0.751191
0.748235
0.74388
0.738475
0.732092
0.724989
0.717659
0.710774
0.705001
0.70088
0.698801
0.699034
0.701613
0.7062
0.712073
0.718234
0.72361
0.727301
0.728873
0.728299
0.725955
0.722522
0.718699
0.714875
0.711225
0.707687
0.704196
0.700791
0.697691
0.695195
0.693563
0.692991
0.693512
0.695052
0.697531
0.700864
0.70502
0.710025
0.715946
0.722783
0.73037
0.738155
0.745203
0.75027
0.752104
0.749638
0.742352
0.730549
0.715363
0.698806
0.683385
0.671677
0.665822
0.667083
0.675485
0.689842
0.708117
0.727914
0.747123
0.76436
0.779124
0.791519
0.801732
0.809693
0.815015
0.817109
0.815623
0.810596
0.802363
0.791447
0.778519
0.764238
0.749287
0.734268
0.719808
0.706446
0.694629
0.684884
0.677944
0.674865
0.676775
0.684152
0.696197
0.710568
0.724058
0.733625
0.737335
0.734705
0.726594
0.714739
0.701385
0.688886
0.679343
0.674433
0.675279
0.682131
0.694184
0.709524
0.725485
0.739166
0.748025
0.750519
0.746496
0.737613
0.727079
0.718572
0.714467
0.714798
0.718138
0.723038
0.728619
0.734487
0.740259
0.745421
0.749413
0.751921
0.752632
0.751147
0.746878
0.739467
0.729437
0.718446
0.709128
0.704063
0.704871
0.711574
0.722604
0.735396
0.74725
0.755848
0.75969
0.758099
0.751204
0.739953
0.726093
0.712062
0.700605
0.694157
0.694053
0.699999
0.710304
0.722707
0.735099
0.746027
0.754705
0.760962
0.765055
0.76756
0.76911
0.770138
0.770672
0.770394
0.768858
0.765696
0.760719
0.75387
0.745121
0.734364
0.721638
0.707458
0.693179
0.680965
0.673242
0.671619
0.676074
0.684913
0.695418
0.704799
0.710756
0.71183
0.707495
0.69831
0.686013
0.67332
0.663336
0.658609
0.660475
0.668848
0.682656
0.700486
0.720906
0.742486
0.763725
0.783
0.798661
0.809357
0.814271
0.813302
0.807199
0.797317
0.78528
0.772616
0.760536
0.749787
0.740697
0.732972
0.725876
0.718412
0.70964
0.69915
0.687268
0.675084
0.664196
0.656232
0.652361
0.653054
0.658144
0.667062
0.679253
0.694151
0.711067
0.72893
0.746079
0.760539
0.770318
0.773881
0.770467
0.760319
0.744719
0.725692
0.705653
0.687047
0.671978
0.662005
0.65795
0.659884
0.667257
0.678961
0.693728
0.710379
0.727877
0.745353
0.762021
0.776992
0.789349
0.7983
0.803378
0.804625
0.802601
0.798273
0.79273
0.786986
0.781689
0.776787
0.771488
0.764556
0.754706
0.741057
0.723484
0.702767
0.680601
0.659456
0.642086
0.630833
0.626905
0.630056
0.638848
0.651293
0.665491
0.67997
0.693904
0.707117
0.719887
0.732589
0.745344
0.757661
0.768455
0.776407
0.780439
0.780183
0.776053
0.76913
0.760882
0.752651
0.745501
0.740211
0.737351
0.73726
0.740119
0.745774
0.753411
0.761476
0.767913
0.77083
0.769093
0.762437
0.751576
0.738052
0.723893
0.711225
0.701724
0.696385
0.695406
0.69827
0.703944
0.711104
0.718337
0.724424
0.728386
0.72952
0.727426
0.721962
0.713372
0.702448
0.690728
0.680508
0.674076
0.672745
0.676475
0.684285
0.694801
0.706499
0.717809
0.727361
0.734278
0.738213
0.739284
0.737938
0.734788
0.73061
0.726143
0.722004
0.718761
0.716921
0.716959
0.719076
0.723067
0.728235
0.733454
0.737508
0.739444
0.738851
0.735942
0.731478
0.726609
0.72257
0.72037
0.720644
0.723504
0.728464
0.734552
0.740418
0.744626
0.746072
0.744204
0.739128
0.73148
0.722165
0.712263
0.703106
0.696385
0.693998
0.697536
0.707711
0.723999
0.74464
0.766965
0.788022
0.805126
0.816029
0.819111
0.813423
0.798883
0.776493
0.748317
0.717186
0.686319
0.658701
0.63691
0.623052
0.618454
0.623315
0.636469
0.655608
0.67788
0.700378
0.720528
0.736362
0.746682
0.751132
0.75022
0.74507
0.737321
0.728981
0.722135
0.71856
0.719165
0.7238
0.731516
0.741096
0.751592
0.762323
0.772953
0.78325
0.792908
0.801354
0.807688
0.810873
0.809957
0.804365
0.794169
0.78002
0.763019
0.744582
0.726197
0.709326
0.695101
0.683933
0.675539
0.669357
0.665156
0.663387
0.665007
0.670902
0.681179
0.694795
0.709695
0.723358
0.733551
0.73893
0.739339
0.735524
0.728694
0.720027
0.71043
0.700475
0.690652
0.681522
0.673796
0.668349
0.666095
0.667712
0.673334
0.68249
0.694169
0.706982
0.719542
0.730874
0.740542
0.748647
0.755441
0.761039
0.76528
0.767781
0.768258
0.766749
0.763673
0.759905
0.756358
0.75362
0.751633
0.749625
0.746332
0.740561
0.731702
0.720026
0.706761
0.693812
0.683223
0.676543
0.674445
0.676837
0.683185
0.692973
0.705724
0.720986
0.738079
0.755859
0.772659
0.78644
0.79527
0.797804
0.793863
0.784634
0.77243
0.759933
0.749319
0.741695
0.737279
0.735879
0.737266
0.741282
0.747662
0.755611
0.763614
0.769836
0.772644
0.770993
0.7646
0.753719
0.738943
0.721351
0.702574
0.68474
0.670044
0.660241
0.656192
0.657837
0.664457
0.674954
0.688092
0.702617
0.717248
0.730773
0.742053
0.749957
0.753363
0.751565
0.74464
0.733542
0.719974
0.706073
0.69393
0.685081
0.68047
0.680563
0.685372
0.6945
0.706993
0.721395
0.735926
0.748942
0.759172
0.766016
0.769636
0.770797
0.770388
0.768988
0.766781
0.763784
0.760053
0.755804
0.751261
0.746552
0.741526
0.735993
0.729811
0.723116
0.716353
0.710158
0.705177
0.701856
0.700296
0.700196
0.700862
0.701302
0.700468
0.69765
0.692725
0.686318
0.679601
0.67387
0.670045
0.668387
0.668565
0.670113
0.672711
0.676278
0.680861
0.68635
0.69239
0.698389
0.703683
0.707837
0.710924
0.713695
0.717351
0.723003
0.731253
0.741911
0.754002
0.766104
0.776677
0.784386
0.788224
0.787569
0.782217
0.772517
0.759366
0.744363
0.72963
0.717534
0.710191
0.708957
0.714156
0.724856
0.738979
0.753695
1.40544
1.38895
1.34747
1.28366
1.20422
1.11954
1.04145
0.979722
0.939657
0.921872
0.92381
0.941396
0.970462
1.00727
1.04817
1.0891
1.12547
1.15299
1.16853
1.17071
1.1597
1.13703
1.10543
1.06874
1.03147
0.998214
0.972582
0.956601
0.950449
0.952861
0.961755
0.9746
0.988719
1.00161
1.01138
1.01725
1.01967
1.0202
1.02107
1.02454
1.03219
1.04453
1.06077
1.07891
1.09625
1.11017
1.11881
1.12131
1.11757
1.10779
1.0924
1.07244
1.05002
1.02824
1.0105
0.999194
0.994841
0.996233
1.00158
1.00947
1.01923
1.03048
1.04282
1.05587
1.06938
1.0833
1.0973
1.11053
1.12173
1.12964
1.13348
1.13328
1.12996
1.12487
1.11917
1.11341
1.10793
1.10333
1.10043
1.0998
1.10107
1.10256
1.10161
1.09576
1.08411
1.06788
1.04956
1.03146
1.01515
1.0017
0.991941
0.986462
0.985475
0.988936
0.996622
1.00795
1.02157
1.03566
1.0484
1.05861
1.06585
1.07035
1.07263
1.07356
1.0746
1.07779
1.0847
1.09498
1.10585
1.11319
1.11358
1.10576
1.09123
1.07357
1.05675
1.04315
1.03318
1.02713
1.02646
1.03253
1.04408
1.05744
1.06933
1.07861
1.08556
1.0907
1.09362
1.09293
1.0872
1.0763
1.06211
1.04788
1.0367
1.03031
1.02917
1.03295
1.04079
1.05169
1.06463
1.07875
1.09317
1.1069
1.11853
1.12667
1.13046
1.13006
1.12652
1.12099
1.11382
1.10442
1.09181
1.07565
1.05687
1.03734
1.01911
1.00365
0.991449
0.981988
0.974497
0.969086
0.96777
0.973887
0.98961
1.01369
1.04198
1.07016
1.09544
1.11647
1.13268
1.144
1.15072
1.15316
1.15164
1.14665
1.13883
1.12901
1.11791
1.10619
1.09452
1.08394
1.07527
1.0683
1.0616
1.05342
1.04319
1.03193
1.02155
1.01359
1.00841
1.00581
1.00595
1.00957
1.01727
1.02828
1.04029
1.05007
1.05458
1.05187
1.04202
1.02759
1.01335
1.0046
1.0049
1.01455
1.03077
1.04978
1.0685
1.08531
1.09994
1.11296
1.12504
1.13653
1.14739
1.15682
1.16314
1.16416
1.15814
1.14502
1.12693
1.10782
1.09223
1.08331
1.08157
1.08513
1.0912
1.0973
1.10131
1.10073
1.0927
1.0751
1.04806
1.01463
0.980198
0.951207
0.933299
0.929425
0.939097
0.959132
0.985302
1.01386
1.04227
1.069
1.09301
1.11349
1.12969
1.14118
1.1478
1.14981
1.1475
1.14098
1.13027
1.11548
1.09729
1.07714
1.05697
1.03884
1.02448
1.01484
1.00986
1.00875
1.01029
1.01333
1.017
1.02087
1.02486
1.02922
1.03415
1.03954
1.04485
1.04942
1.05307
1.05612
1.05876
1.06072
1.06132
1.06001
1.05706
1.05371
1.05193
1.05342
1.05866
1.06636
1.07381
1.07797
1.07679
1.06992
1.05855
1.04492
1.03171
1.02144
1.01589
1.01551
1.01938
1.02537
1.03086
1.03374
1.03341
1.03137
1.03106
1.03692
1.05265
1.07932
1.11409
1.15103
1.18354
1.20665
1.21779
1.21645
1.20346
1.18053
1.15012
1.11539
1.08018
1.04869
1.02491
1.01208
1.01181
1.02327
1.04301
1.06593
1.08708
1.10315
1.11258
1.11506
1.11084
1.10073
1.08614
1.0692
1.05223
1.03721
1.02555
1.01816
1.01562
1.01817
1.02537
1.036
1.04821
1.06013
1.07015
1.0769
1.07899
1.07518
1.06466
1.04749
1.02475
0.998557
0.971955
0.948673
0.932491
0.926494
0.932612
0.951411
0.981689
1.02015
1.06198
1.10192
1.13543
1.15938
1.17226
1.17395
1.1658
1.15061
1.1326
1.11642
1.10523
1.09908
1.09525
1.09054
1.0834
1.07464
1.06651
1.06093
1.05805
1.0564
1.05415
1.05056
1.04675
1.04522
1.04851
1.0577
1.07196
1.08927
1.10743
1.12469
1.13974
1.15129
1.15784
1.15791
1.15028
1.13447
1.11094
1.08135
1.04878
1.01732
0.991156
0.972967
0.963125
0.959875
0.961079
0.965848
0.974652
0.988268
1.00652
1.028
1.05055
1.07209
1.09126
1.10733
1.11985
1.1286
1.13338
1.13404
1.13038
1.12257
1.11169
1.10005
1.09059
1.08547
1.08472
1.08617
1.08667
1.08368
1.07646
1.06602
1.05431
1.04334
1.03447
1.02845
1.02559
1.02584
1.02857
1.0324
1.0357
1.03739
1.03752
1.03762
1.04028
1.04789
1.06062
1.07607
1.09128
1.10519
1.11931
1.13606
1.15598
1.17637
1.19185
1.19679
1.18783
1.16549
1.13437
1.10146
1.07346
1.05441
1.04513
1.04434
1.04974
1.05845
1.06723
1.07273
1.07226
1.06461
1.05063
1.03309
1.01573
1.00187
0.9937
0.992195
0.997455
1.00874
1.02421
1.04111
1.05665
1.06882
1.07682
1.08079
1.08152
1.08009
1.07753
1.07497
1.07427
1.07803
1.08776
1.10145
1.11386
1.11959
1.11571
1.10212
1.08068
1.05446
1.02744
1.00409
0.988787
0.984896
0.993777
1.01422
1.04269
1.07446
1.10471
1.1295
1.14617
1.15362
1.1523
1.14397
1.13099
1.1156
1.09949
1.08368
1.06887
1.05592
1.04613
1.04085
1.04051
1.04401
1.04899
1.05288
1.05402
1.05225
1.04915
1.04782
1.05177
1.06295
1.08048
1.101
1.12078
1.13717
1.14885
1.15523
1.15584
1.15021
1.13813
1.12025
1.09804
1.07346
1.0483
1.024
1.00192
0.983642
0.970876
0.964968
0.966461
0.974937
0.989152
1.00712
1.02621
1.04378
1.0578
1.06731
1.0724
1.07395
1.07359
1.07352
1.07634
1.0839
1.09589
1.11003
1.12428
1.13868
1.1536
1.16625
1.17119
1.16417
1.14444
1.11461
1.08012
1.04856
1.02771
1.02237
1.03174
1.05028
1.0707
1.08661
1.09366
1.0898
1.07508
1.0514
1.02203
0.990952
0.962231
0.939381
0.924583
0.918219
0.919204
0.925926
0.937518
0.954619
0.97867
1.01016
1.04707
1.08498
1.11877
1.14429
1.15949
1.16451
1.16113
1.15191
1.13935
1.12571
1.11278
1.10177
1.0932
1.08682
1.08198
1.07847
1.0772
1.07984
1.0872
1.09791
1.10888
1.1172
1.12161
1.12212
1.11881
1.11153
1.10033
1.08607
1.07032
1.05471
1.04041
1.02796
1.01729
1.00814
1.00038
0.994139
0.989547
0.986551
0.985118
0.985612
0.988872
0.995771
1.00693
1.0226
1.04254
1.06594
1.09117
1.11596
1.13794
1.15525
1.16676
1.17192
1.17072
1.16384
1.15289
1.14022
1.12829
1.11864
1.11117
1.10426
1.09571
1.08408
1.06957
1.0541
1.0406
1.03217
1.03132
1.03948
1.05615
1.07833
1.10088
1.11812
1.12561
1.12084
1.10346
1.07546
1.04114
1.00649
0.978217
0.962041
0.960529
0.972001
0.991979
1.01599
1.04105
1.06509
1.08624
1.10271
1.11293
1.11577
1.11114
1.10061
1.08761
1.07632
1.06989
1.06925
1.07303
1.07809
1.08045
1.07655
1.06486
1.0467
1.02581
1.00671
0.992773
0.985224
0.983381
0.98564
0.990396
0.99676
1.00487
1.01574
1.03052
1.04961
1.07199
1.09522
1.11613
1.13189
1.14085
1.14272
1.13842
1.12958
1.11847
1.10801
1.10127
1.10055
1.10661
1.11826
1.13299
1.14769
1.15955
1.16632
1.16649
1.15942
1.14527
1.12513
1.10111
1.07602
1.05294
1.03467
1.02327
1.01972
1.02359
1.03364
1.04865
1.06787
1.08998
1.11176
1.12837
1.13554
1.13171
1.11804
1.09737
1.073
1.04795
1.02506
1.00688
0.995228
0.990611
0.992147
0.997955
1.0058
1.01343
1.01927
1.02295
1.02543
1.02841
1.0332
1.03999
1.0476
1.05397
1.05702
1.05537
1.04873
1.03773
1.02362
1.00813
0.99318
0.980992
0.9741
0.975236
0.986483
1.00786
1.03668
1.06827
1.09776
1.12143
1.13732
1.14537
1.14685
1.14371
1.1376
1.12949
1.11987
1.1092
1.09818
1.08755
1.07781
1.06932
1.06279
1.05931
1.05984
1.06428
1.07103
1.07715
1.07944
1.07545
1.06442
1.04724
1.026
1.0035
0.983016
0.968067
0.9618
0.965776
0.979039
0.998406
1.0201
1.04131
1.06084
1.0789
1.09607
1.11254
1.12751
1.13919
1.14539
1.14464
1.13735
1.12602
1.1141
1.10406
1.09622
1.08941
1.08251
1.0755
1.06929
1.06498
1.06319
1.06397
1.06683
1.07108
1.07593
1.08051
1.08365
1.084
1.0802
1.07146
1.05831
1.0428
1.0282
1.01803
1.01474
1.01893
1.02938
1.04363
1.05866
1.07125
1.07845
1.07801
1.06912
1.05336
1.03461
1.01813
1.0082
1.00634
1.01147
1.0217
1.03538
1.05118
1.06747
1.0823
1.09391
1.10115
1.10384
1.10249
1.09805
1.09153
1.08395
1.0764
1.0701
1.06608
1.06477
1.06568
1.0675
1.0687
1.06822
1.06588
1.06228
1.0585
1.05569
1.05532
1.05901
1.06796
1.08196
1.09888
1.11508
1.12663
1.13034
1.12489
1.11137
1.09312
1.07457
1.0596
1.05005
1.04526
1.04304
1.04142
1.04008
1.04043
1.0445
1.05341
1.06673
1.08275
1.09901
1.11263
1.12058
1.12029
1.11057
1.09222
1.06783
1.04099
1.01525
0.99363
0.978728
0.972379
0.974487
0.981904
0.989699
0.993958
0.994058
0.993118
0.99634
1.00796
1.02829
1.05332
1.07765
1.09731
1.11064
1.11761
1.11907
1.11635
1.11118
1.1055
1.10137
1.10058
1.10422
1.11246
1.12457
1.13888
1.1532
1.1648
1.17084
1.16871
1.15685
1.13535
1.1061
1.07267
1.03962
1.01146
0.991469
0.980887
0.979451
0.986178
0.999799
1.01872
1.04074
1.0631
1.08267
1.09654
1.10283
1.10143
1.0941
1.08414
1.0755
1.07154
1.07408
1.08287
1.09583
1.10973
1.12121
1.12812
1.12999
1.12768
1.12215
1.11349
1.10123
1.08545
1.06736
1.04895
1.0324
1.01905
1.00854
0.998882
0.988141
0.976074
0.964572
0.956661
0.954931
0.960582
0.973505
0.993278
1.0196
1.05159
1.08671
1.12066
1.1487
1.16746
1.17584
1.17508
1.16796
1.1576
1.14648
1.38504
1.36279
1.33458
1.30148
1.26582
1.23076
1.19982
1.1758
1.15974
1.15043
1.14519
1.14148
1.13789
1.13387
1.12895
1.12242
1.11385
1.10452
1.09773
1.09728
1.10478
1.11811
1.1328
1.14461
1.15144
1.1536
1.15261
1.14996
1.14681
1.1446
1.14485
1.14864
1.15639
1.16826
1.18412
1.20264
1.22065
1.23402
1.23937
1.23597
1.22635
1.21502
1.20664
1.20438
1.20897
1.21877
1.23003
1.23815
1.23926
1.23134
1.21488
1.19294
1.17022
1.15181
1.14173
1.14205
1.15246
1.17055
1.19251
1.21421
1.23243
1.24559
1.25349
1.25704
1.25769
1.25705
1.25612
1.2549
1.25241
1.24738
1.23891
1.22684
1.21178
1.19569
1.18204
1.1748
1.17609
1.18477
1.19777
1.21223
1.22623
1.23819
1.24637
1.24875
1.24402
1.23256
1.21656
1.19903
1.18265
1.16982
1.1633
1.16579
1.17802
1.19735
1.21871
1.23681
1.24737
1.24735
1.23533
1.21254
1.1837
1.15594
1.13606
1.12779
1.13119
1.14434
1.16506
1.19188
1.22402
1.26071
1.29997
1.33751
1.36795
1.38755
1.395
1.38963
1.36999
1.33485
1.2857
1.22838
1.17325
1.13231
1.11162
1.10655
1.10724
1.10741
1.10736
1.11154
1.12438
1.14697
1.17576
1.20423
1.22573
1.23563
1.23218
1.2166
1.1926
1.16543
1.14056
1.12227
1.11278
1.11208
1.11866
1.13048
1.14548
1.16151
1.17616
1.18747
1.19473
1.1988
1.20178
1.20645
1.21535
1.22991
1.24991
1.27375
1.29901
1.32285
1.34222
1.35398
1.35536
1.34448
1.32086
1.28583
1.24281
1.19723
1.15568
1.12461
1.10916
1.11192
1.13181
1.16358
1.19949
1.23223
1.25775
1.27569
1.28835
1.29846
1.30731
1.31381
1.31497
1.30737
1.28896
1.25985
1.22217
1.17903
1.13363
1.0892
1.0494
1.01869
1.00207
1.00362
1.0245
1.06135
1.10706
1.15353
1.19445
1.22631
1.24837
1.2623
1.27113
1.2773
1.28178
1.28488
1.28751
1.2913
1.29742
1.30551
1.31311
1.31647
1.31239
1.3003
1.28275
1.26376
1.24702
1.23485
1.22869
1.22938
1.23674
1.24859
1.2606
1.26765
1.26569
1.25338
1.23281
1.20897
1.18765
1.17266
1.16416
1.15976
1.15727
1.15629
1.15793
1.16332
1.17213
1.18244
1.19171
1.19814
1.20151
1.20278
1.20297
1.20222
1.19977
1.1949
1.18803
1.18068
1.1748
1.1714
1.17006
1.1698
1.17
1.17077
1.17266
1.17624
1.18216
1.19088
1.20216
1.21451
1.22558
1.23307
1.2356
1.23322
1.2274
1.22043
1.21443
1.2103
1.20728
1.20371
1.1986
1.19251
1.1872
1.18449
1.18559
1.1907
1.19903
1.20877
1.21682
1.21909
1.21179
1.19322
1.16493
1.13138
1.09829
1.07104
1.0536
1.04757
1.05172
1.06273
1.07651
1.08992
1.10196
1.11425
1.13025
1.15337
1.18485
1.22264
1.26248
1.29983
1.33111
1.35394
1.36709
1.37018
1.3634
1.34718
1.3224
1.29111
1.25687
1.2245
1.19838
1.18085
1.17183
1.16991
1.17383
1.18273
1.19632
1.21454
1.23677
1.26117
1.28498
1.30559
1.32117
1.33064
1.33306
1.32738
1.31271
1.28891
1.2571
1.21998
1.18187
1.14824
1.12457
1.11496
1.12066
1.14001
1.16911
1.20299
1.23639
1.26436
1.28258
1.288
1.27937
1.25789
1.22725
1.19307
1.16158
1.13814
1.12592
1.12498
1.13276
1.14542
1.15947
1.17256
1.18331
1.19105
1.19521
1.19527
1.19071
1.181
1.16525
1.14268
1.11345
1.08017
1.04849
1.0262
1.0205
1.03436
1.06469
1.10454
1.14679
1.18586
1.2179
1.24046
1.2529
1.2564
1.25344
1.24693
1.23925
1.23208
1.22641
1.22283
1.22201
1.22493
1.23268
1.2457
1.26305
1.28213
1.29935
1.31094
1.3141
1.30793
1.29367
1.27436
1.25398
1.23605
1.22238
1.21266
1.20514
1.19775
1.18887
1.17783
1.165
1.15206
1.14254
1.14163
1.15287
1.17432
1.19974
1.22365
1.24325
1.25729
1.26525
1.26748
1.26553
1.26213
1.26006
1.26062
1.26268
1.26296
1.2575
1.24389
1.22305
1.1995
1.17992
1.17052
1.17449
1.1903
1.21179
1.23036
1.23842
1.23226
1.21298
1.18537
1.15571
1.12978
1.11143
1.10233
1.10241
1.11047
1.12457
1.14225
1.16135
1.18049
1.19916
1.21675
1.23165
1.24135
1.24338
1.23675
1.22312
1.2073
1.1956
1.19254
1.19886
1.21226
1.22955
1.24757
1.2633
1.27382
1.27692
1.27232
1.26211
1.2499
1.23922
1.23209
1.22864
1.22706
1.22395
1.21582
1.20105
1.18164
1.16305
1.15119
1.14879
1.15397
1.16274
1.17261
1.18363
1.19696
1.2131
1.23111
1.24895
1.26418
1.27509
1.28095
1.28105
1.27442
1.26137
1.24465
1.22826
1.21493
1.20502
1.19704
1.18947
1.1821
1.17593
1.1721
1.17123
1.17364
1.17952
1.18898
1.20159
1.21606
1.23028
1.24175
1.24832
1.24878
1.24284
1.23071
1.21265
1.18897
1.1605
1.12886
1.09644
1.06596
1.03992
1.02087
1.01231
1.01875
1.0436
1.08591
1.13967
1.19669
1.24946
1.29217
1.32036
1.33114
1.32375
1.30005
1.26461
1.22421
1.18677
1.15971
1.14869
1.15636
1.1813
1.21788
1.25825
1.2951
1.32354
1.34121
1.34712
1.34068
1.32142
1.2899
1.24912
1.20434
1.16207
1.12852
1.1084
1.10406
1.11492
1.13783
1.16819
1.2011
1.23229
1.25891
1.27993
1.29527
1.30409
1.30431
1.2939
1.27315
1.24565
1.2173
1.19431
1.18111
1.17917
1.18723
1.2022
1.22
1.23668
1.24918
1.25549
1.25468
1.24702
1.23413
1.21895
1.20448
1.19235
1.18242
1.17399
1.16696
1.16177
1.15858
1.15641
1.15285
1.14485
1.13047
1.11032
1.08743
1.06621
1.05129
1.04633
1.0529
1.07044
1.0972
1.1313
1.17085
1.21372
1.25725
1.29832
1.33344
1.35946
1.37432
1.37763
1.37062
1.35549
1.33441
1.30899
1.28013
1.24871
1.21677
1.18784
1.16628
1.15536
1.15571
1.16534
1.18056
1.19681
1.20991
1.21734
1.21899
1.21658
1.21176
1.20486
1.19493
1.18094
1.16315
1.14397
1.1279
1.12001
1.12375
1.13913
1.16274
1.18947
1.21443
1.23413
1.24664
1.25144
1.249
1.24056
1.22746
1.21093
1.19208
1.17248
1.15442
1.14068
1.13348
1.1334
1.13938
1.14934
1.16124
1.1734
1.18393
1.19077
1.19226
1.18845
1.18173
1.17587
1.17437
1.17874
1.18857
1.20217
1.21698
1.22965
1.23642
1.23392
1.22034
1.19637
1.16569
1.1344
1.10927
1.09537
1.09439
1.10444
1.12144
1.14125
1.16166
1.18303
1.20701
1.23403
1.26207
1.28764
1.30759
1.32013
1.32495
1.32296
1.31572
1.30488
1.29162
1.27642
1.25921
1.24024
1.22059
1.20175
1.18452
1.16882
1.15473
1.14411
1.14097
1.14948
1.17041
1.19974
1.23061
1.25621
1.27164
1.2746
1.26501
1.2444
1.21564
1.18297
1.15152
1.12621
1.11058
1.10648
1.11396
1.13126
1.15521
1.18209
1.20883
1.23347
1.25469
1.27114
1.28171
1.28634
1.28642
1.28431
1.28225
1.2814
1.28159
1.28117
1.27768
1.26871
1.25292
1.23069
1.20441
1.17796
1.15579
1.14189
1.13902
1.14782
1.1665
1.19146
1.21855
1.24396
1.26478
1.27859
1.28324
1.27723
1.26074
1.23626
1.20791
1.18018
1.15718
1.14257
1.13893
1.14636
1.16189
1.18033
1.19634
1.20667
1.21167
1.2147
1.21954
1.22708
1.23474
1.23861
1.23576
1.22543
1.20916
1.19073
1.17548
1.16901
1.1751
1.19377
1.22093
1.25015
1.27504
1.29116
1.29667
1.29179
1.27782
1.2562
1.22822
1.1955
1.16038
1.12601
1.09596
1.07345
1.06063
1.05845
1.06684
1.08456
1.10886
1.1359
1.16172
1.18309
1.19774
1.20472
1.20479
1.20066
1.19587
1.19208
1.18746
1.17874
1.16537
1.15109
1.14153
1.1405
1.14893
1.16622
1.19141
1.22292
1.25807
1.29284
1.32243
1.3424
1.34994
1.3444
1.32732
1.3018
1.27171
1.24062
1.21099
1.18413
1.16076
1.14132
1.12595
1.11469
1.10748
1.10421
1.10413
1.10566
1.10702
1.10743
1.10801
1.1114
1.11987
1.13348
1.14966
1.16501
1.17751
1.1876
1.19766
1.21036
1.22677
1.24577
1.2652
1.28311
1.29836
1.3104
1.3187
1.32268
1.3219
1.3166
1.3075
1.29534
1.28018
1.26157
1.24014
1.21906
1.20336
1.19687
1.20013
1.21068
1.22431
1.23739
1.24826
1.25624
1.25984
1.25647
1.24406
1.22246
1.19405
1.16329
1.13541
1.11476
1.10363
1.1019
1.10791
1.11957
1.13474
1.15077
1.16419
1.17165
1.17159
1.16566
1.15839
1.15546
1.16089
1.17502
1.19443
1.21344
1.22658
1.23061
1.22518
1.21224
1.19513
1.17759
1.16297
1.15368
1.15133
1.15713
1.17172
1.19391
1.21969
1.24348
1.26064
1.26945
1.27152
1.27018
1.2683
1.26679
1.26488
1.26109
1.25403
1.24305
1.22833
1.21069
1.19127
1.17111
1.15131
1.13347
1.12027
1.11511
1.12069
1.1373
1.16252
1.19217
1.22152
1.24642
1.26408
1.27338
1.27454
1.26871
1.25722
1.24122
1.2218
1.20042
1.17911
1.16049
1.14786
1.14475
1.15377
1.17476
1.20401
1.23493
1.26029
1.27421
1.27359
1.25879
1.23338
1.20323
1.17507
1.1547
1.14541
1.14751
1.15921
1.17828
1.20278
1.23077
1.25977
1.2868
1.30861
1.32203
1.32474
1.31574
1.29578
1.26723
1.23386
1.20046
1.17266
1.15501
1.14862
1.15068
1.15662
1.16285
1.1678
1.1715
1.17453
1.17665
1.17611
1.17072
1.15993
1.14638
1.13485
1.12903
1.12963
1.13539
1.14493
1.15779
1.174
1.1931
1.21326
1.23168
1.2458
1.25452
1.25835
1.25872
1.25683
1.39258
1.37888
1.36029
1.33954
1.32061
1.30706
1.30052
1.30009
1.30314
1.30658
1.30841
1.30809
1.30624
1.30329
1.29863
1.2916
1.28303
1.27516
1.26982
1.26687
1.26405
1.25811
1.24623
1.22745
1.20352
1.17908
1.16008
1.15134
1.15498
1.17024
1.19403
1.22192
1.24971
1.27461
1.29584
1.31466
1.33333
1.35273
1.37043
1.38189
1.38399
1.3771
1.36511
1.35337
1.34614
1.34488
1.34866
1.35613
1.36608
1.37562
1.37926
1.37092
1.3476
1.31159
1.26989
1.23104
1.20107
1.18134
1.17009
1.16511
1.16507
1.16858
1.17354
1.17759
1.17941
1.18025
1.18437
1.19764
1.22407
1.26289
1.30873
1.35464
1.3946
1.42432
1.44121
1.44398
1.43262
1.40829
1.37312
1.33007
1.28257
1.23472
1.19243
1.16378
1.15711
1.17662
1.21939
1.27634
1.336
1.38797
1.42476
1.44208
1.43863
1.41629
1.381
1.34314
1.31529
1.30654
1.31681
1.33727
1.3562
1.36485
1.35925
1.33973
1.3099
1.27628
1.24815
1.2348
1.2392
1.25499
1.27232
1.28504
1.29161
1.29241
1.28786
1.27856
1.26628
1.25462
1.24835
1.25124
1.2639
1.28317
1.30331
1.31811
1.3231
1.31633
1.29861
1.27304
1.24434
1.21817
1.20012
1.19443
1.20237
1.22153
1.24699
1.27346
1.29739
1.31722
1.33268
1.3437
1.34994
1.3508
1.34578
1.33519
1.32051
1.30463
1.29085
1.28112
1.27487
1.26968
1.26315
1.25425
1.24337
1.23215
1.22326
1.21968
1.22293
1.23198
1.24379
1.25569
1.26799
1.28387
1.30591
1.33262
1.35975
1.38321
1.39999
1.4073
1.40238
1.38345
1.35089
1.30814
1.26151
1.21897
1.18773
1.17158
1.16936
1.1759
1.18505
1.19282
1.19934
1.20858
1.2257
1.25317
1.28861
1.32674
1.36241
1.39205
1.41389
1.42751
1.43309
1.43081
1.42121
1.40617
1.38909
1.37295
1.35908
1.34771
1.3392
1.33442
1.33382
1.33683
1.34164
1.34562
1.34556
1.33838
1.32203
1.29637
1.26399
1.23045
1.20394
1.19293
1.20087
1.22201
1.24481
1.25956
1.26236
1.25457
1.24066
1.226
1.21477
1.20878
1.20769
1.21045
1.21689
1.22787
1.24432
1.2661
1.29184
1.31819
1.33987
1.35198
1.35232
1.34165
1.32317
1.30207
1.28384
1.27083
1.26078
1.25003
1.23715
1.22363
1.21239
1.20608
1.20579
1.21033
1.21653
1.22141
1.22468
1.22985
1.24174
1.26222
1.2881
1.31331
1.33232
1.34242
1.34405
1.33961
1.3315
1.32075
1.30695
1.28974
1.27058
1.25341
1.24356
1.24514
1.25859
1.28067
1.30716
1.33477
1.36127
1.38433
1.4008
1.40696
1.39958
1.37731
1.34166
1.29776
1.25409
1.22025
1.20299
1.20276
1.21404
1.22926
1.24291
1.25283
1.25965
1.2659
1.27506
1.28974
1.30985
1.3326
1.35432
1.37188
1.38327
1.38713
1.3827
1.3699
1.34958
1.32359
1.29473
1.26675
1.24381
1.22945
1.22571
1.23269
1.24886
1.27199
1.29914
1.3255
1.34512
1.35368
1.35098
1.34076
1.32819
1.31685
1.30685
1.29578
1.28157
1.26555
1.25313
1.25061
1.26036
1.27919
1.30088
1.31926
1.33015
1.33218
1.3266
1.31648
1.30547
1.29659
1.2914
1.29
1.29122
1.29322
1.29417
1.29302
1.28985
1.28535
1.27973
1.27193
1.26002
1.24257
1.22011
1.19527
1.17202
1.15427
1.14509
1.14646
1.15894
1.18158
1.2117
1.24531
1.27797
1.30605
1.32758
1.34213
1.35007
1.35216
1.34954
1.34383
1.33618
1.32609
1.31134
1.29011
1.26352
1.23624
1.21463
1.2034
1.20359
1.21279
1.22688
1.24199
1.25554
1.26587
1.2714
1.27102
1.26575
1.25994
1.25959
1.26856
1.28615
1.30818
1.32983
1.34734
1.35849
1.36285
1.36188
1.35863
1.35691
1.35952
1.3668
1.37636
1.38457
1.38847
1.3869
1.38017
1.36856
1.35145
1.32765
1.29712
1.26247
1.22878
1.2018
1.18586
1.18255
1.19068
1.20735
1.22898
1.25199
1.27312
1.28953
1.29966
1.30394
1.30421
1.30224
1.29802
1.28957
1.2739
1.24886
1.21444
1.17362
1.13265
1.1005
1.08693
1.09863
1.13499
1.18779
1.24525
1.29685
1.33589
1.36018
1.37189
1.37553
1.375
1.37127
1.36233
1.3452
1.31818
1.28201
1.24013
1.19811
1.16229
1.13813
1.129
1.13645
1.16042
1.19892
1.24743
1.29961
1.34888
1.38991
1.4194
1.43613
1.44071
1.4349
1.42142
1.40366
1.38501
1.3682
1.35477
1.34533
1.33998
1.33873
1.34167
1.34844
1.35773
1.3674
1.37567
1.38194
1.3864
1.38861
1.38672
1.37776
1.35906
1.33014
1.29399
1.25611
1.22203
1.19495
1.17558
1.16357
1.15874
1.1611
1.17016
1.18429
1.20029
1.2142
1.22268
1.2246
1.22174
1.21762
1.21535
1.21614
1.21994
1.22717
1.23907
1.25614
1.27688
1.29795
1.31596
1.32836
1.33371
1.33164
1.32255
1.30715
1.28625
1.26093
1.23338
1.20792
1.19073
1.18674
1.1959
1.21281
1.23031
1.2435
1.25105
1.2541
1.25396
1.25124
1.24683
1.24281
1.24089
1.2406
1.24004
1.23781
1.23369
1.22794
1.2209
1.21286
1.20416
1.19573
1.18996
1.19095
1.20246
1.22477
1.25338
1.28128
1.30268
1.31532
1.321
1.32433
1.32995
1.33995
1.35315
1.36684
1.37924
1.39076
1.4025
1.41382
1.42214
1.42487
1.42139
1.41296
1.40124
1.38702
1.37006
1.34976
1.32598
1.29975
1.2731
1.24861
1.22885
1.216
1.21152
1.21633
1.23089
1.2546
1.28465
1.31535
1.33911
1.34908
1.34203
1.32002
1.29016
1.26179
1.24233
1.23423
1.23524
1.24121
1.2486
1.25564
1.26213
1.26882
1.27687
1.28718
1.29962
1.31274
1.32429
1.33192
1.33376
1.32882
1.31724
1.30031
1.28048
1.26092
1.24493
1.23469
1.2301
1.22889
1.22845
1.22775
1.22715
1.2268
1.2259
1.22335
1.2184
1.21119
1.20278
1.19495
1.1901
1.19116
1.20095
1.22131
1.25211
1.291
1.33357
1.3746
1.40932
1.43464
1.44912
1.45211
1.44312
1.42214
1.39099
1.3548
1.32162
1.29775
1.28327
1.27407
1.26733
1.26272
1.25984
1.25629
1.24886
1.23614
1.21989
1.20399
1.19221
1.18665
1.18859
1.19914
1.21759
1.23981
1.25977
1.27308
1.27879
1.27845
1.27464
1.26992
1.26656
1.26636
1.2704
1.27868
1.28968
1.30068
1.30889
1.31275
1.31255
1.31007
1.3074
1.3053
1.30267
1.29779
1.29024
1.28126
1.2723
1.26395
1.25584
1.24745
1.23833
1.2283
1.21776
1.20786
1.20025
1.19643
1.19787
1.20597
1.22139
1.24319
1.26873
1.2945
1.31706
1.33419
1.34529
1.3514
1.35492
1.3583
1.36282
1.36793
1.37174
1.37243
1.36898
1.36141
1.35008
1.3353
1.31752
1.2978
1.27807
1.26068
1.24744
1.23868
1.23345
1.2309
1.2317
1.23776
1.25043
1.26846
1.2883
1.30617
1.3199
1.32921
1.33434
1.33502
1.33033
1.31997
1.30556
1.29062
1.27908
1.27357
1.27415
1.27871
1.28408
1.28689
1.28479
1.27708
1.26503
1.25134
1.23885
1.22902
1.22114
1.21322
1.20369
1.19288
1.18329
1.17845
1.18119
1.19249
1.21174
1.23716
1.26603
1.29466
1.31831
1.3315
1.32956
1.3116
1.2835
1.25727
1.24518
1.25333
1.2804
1.32019
1.36448
1.40572
1.43884
1.46132
1.47261
1.4736
1.46635
1.45345
1.43686
1.41723
1.39463
1.37014
1.34704
1.32991
1.32162
1.32099
1.32338
1.3234
1.31712
1.30251
1.2793
1.24913
1.21566
1.18428
1.1607
1.14924
1.15137
1.16477
1.18466
1.20622
1.22629
1.24341
1.2575
1.26917
1.27895
1.28649
1.29024
1.28819
1.27929
1.26426
1.24559
1.22639
1.20952
1.1974
1.1924
1.19685
1.21195
1.23678
1.26819
1.30175
1.33268
1.35684
1.37191
1.37806
1.37773
1.37415
1.37002
1.36724
1.36754
1.37246
1.3826
1.39702
1.41346
1.42914
1.44142
1.44794
1.44634
1.43446
1.41123
1.37774
1.33764
1.29565
1.2555
1.21945
1.1895
1.16777
1.15569
1.15302
1.15814
1.16836
1.18011
1.18943
1.19321
1.19081
1.1849
1.18078
1.18405
1.19805
1.22217
1.25201
1.28119
1.30373
1.31573
1.31621
1.30707
1.29247
1.27771
1.26752
1.26433
1.26797
1.27611
1.2853
1.29179
1.29196
1.28322
1.26599
1.24585
1.23196
1.2304
1.23937
1.25221
1.26242
1.26576
1.26088
1.24968
1.23669
1.22694
1.22398
1.22866
1.23918
1.25244
1.26621
1.28027
1.2954
1.31184
1.32843
1.34318
1.35401
1.3593
1.35817
1.35048
1.33693
1.31914
1.29939
1.28003
1.26283
1.24873
1.23831
1.23251
1.23277
1.24049
1.25627
1.27923
1.30741
1.33853
1.36991
1.39777
1.4168
1.42088
1.40522
1.3687
1.31508
1.25181
1.18715
1.12977
1.09016
1.07778
1.09413
1.13108
1.17664
1.22116
1.25922
1.2885
1.30828
1.31854
1.31995
1.31397
1.30315
1.29083
1.28037
1.27398
1.27163
1.27119
1.2705
1.26938
1.27001
1.27513
1.28545
1.29922
1.31351
1.32619
1.33652
1.34462
1.3509
1.35505
1.35585
1.35188
1.34312
1.33197
1.32227
1.31698
1.31599
1.31613
1.31352
1.30606
1.29437
1.28064
1.26657
1.25249
1.23819
1.22515
1.21703
1.21755
1.22758
1.24371
1.26088
1.27665
1.29216
1.30906
1.32607
1.33916
1.34401
1.3388
1.32535
1.3078
1.29051
1.27638
1.2664
1.26016
1.25638
1.25386
1.25221
1.25184
1.253
1.25513
1.25694
1.25732
1.25608
1.25389
1.25189
1.25083
1.2507
1.25083
1.25059
1.25022
1.25125
1.25585
1.26535
1.27958
1.29676
1.31419
1.32905
1.33969
1.34624
1.35005
1.35266
1.35508
