-7.82869
-7.74755
-7.62584
-7.47463
-7.29065
-7.09055
-6.88426
-6.68359
-6.50888
-6.37591
-6.29108
-6.26019
-6.27173
-6.31392
-6.37454
-6.43922
-6.49926
-6.54735
-6.57933
-6.59437
-6.595
-6.58457
-6.56574
-6.54124
-6.51674
-6.49554
-6.47915
-6.47215
-6.47533
-6.49141
-6.51932
-6.55926
-6.61149
-6.667
-6.72421
-6.77791
-6.82425
-6.85776
-6.88164
-6.89324
-6.89462
-6.88694
-6.87436
-6.86256
-6.85219
-6.84213
-6.83498
-6.82804
-6.82345
-6.81898
-6.81107
-6.80226
-6.7918
-6.78141
-6.76699
-6.75182
-6.73898
-6.72804
-6.71936
-6.71822
-6.7221
-6.73439
-6.74987
-6.7673
-6.78401
-6.79693
-6.81072
-6.82221
-6.83396
-6.84056
-6.8469
-6.85288
-6.85714
-6.85453
-6.84876
-6.84102
-6.83405
-6.8234
-6.81208
-6.79872
-6.78423
-6.77064
-6.75927
-6.75228
-6.74759
-6.75009
-6.75076
-6.7499
-6.74295
-6.73424
-6.71874
-6.69759
-6.67716
-6.65623
-6.63978
-6.62848
-6.62528
-6.62958
-6.63876
-6.65416
-6.67169
-6.69192
-6.70969
-6.72304
-6.72789
-6.72625
-6.71345
-6.6953
-6.66955
-6.64591
-6.62356
-6.60692
-6.60098
-6.60847
-6.62739
-6.65822
-6.69751
-6.74405
-6.79358
-6.83895
-6.879
-6.9134
-6.93711
-6.94723
-6.94787
-6.94081
-6.93198
-6.91881
-6.90662
-6.89418
-6.88247
-6.86959
-6.8546
-6.8351
-6.81447
-6.7938
-6.77501
-6.75534
-6.73992
-6.72445
-6.71029
-6.69724
-6.68852
-6.6799
-6.67205
-6.6652
-6.66357
-6.66188
-6.66811
-6.67814
-6.6941
-6.71208
-6.73321
-6.75304
-6.77385
-6.79347
-6.80799
-6.82086
-6.82767
-6.82601
-6.81675
-6.7965
-6.77071
-6.74811
-6.72654
-6.71145
-6.70342
-6.70122
-6.69988
-6.69941
-6.69905
-6.69876
-6.70834
-6.71894
-6.7344
-6.74878
-6.76432
-6.78111
-6.79154
-6.7995
-6.80355
-6.80683
-6.80655
-6.80335
-6.79878
-6.79828
-6.7972
-6.80295
-6.80907
-6.81834
-6.82139
-6.8199
-6.81947
-6.81644
-6.81109
-6.80424
-6.79622
-6.78686
-6.77816
-6.77229
-6.76619
-6.76092
-6.76076
-6.76308
-6.7648
-6.7643
-6.76432
-6.76281
-6.75989
-6.75698
-6.75707
-6.75598
-6.75597
-6.75983
-6.76728
-6.77167
-6.77784
-6.77915
-6.78147
-6.78271
-6.78451
-6.78705
-6.78786
-6.78679
-6.78152
-6.77426
-6.76183
-6.74554
-6.72801
-6.71448
-6.70478
-6.70228
-6.70332
-6.71147
-6.72046
-6.72972
-6.73756
-6.74081
-6.7382
-6.73242
-6.71926
-6.70362
-6.6871
-6.67229
-6.66464
-6.66541
-6.67173
-6.68898
-6.71657
-6.74776
-6.77585
-6.8054
-6.83207
-6.84926
-6.86244
-6.86811
-6.87
-6.86683
-6.86042
-6.84917
-6.83633
-6.82137
-6.80814
-6.79389
-6.77993
-6.76688
-6.75269
-6.74045
-6.73011
-6.72641
-6.72907
-6.7355
-6.75193
-6.77182
-6.78844
-6.80022
-6.80572
-6.80372
-6.79796
-6.78694
-6.77728
-6.77002
-6.76999
-6.77134
-6.77585
-6.77831
-6.77744
-6.778
-6.77423
-6.77063
-6.76255
-6.75624
-6.75386
-6.75075
-6.74774
-6.74226
-6.73657
-6.73666
-6.74083
-6.74773
-6.75714
-6.76771
-6.7732
-6.77334
-6.77127
-6.76283
-6.75144
-6.73824
-6.72424
-6.71335
-6.7008
-6.68692
-6.67724
-6.66988
-6.66818
-6.66989
-6.67796
-6.68958
-6.70499
-6.7251
-6.74875
-6.76961
-6.78883
-6.8051
-6.81723
-6.82352
-6.82154
-6.81346
-6.80337
-6.78969
-6.77644
-6.76828
-6.76381
-6.76223
-6.76369
-6.76919
-6.77552
-6.78106
-6.78771
-6.79431
-6.80121
-6.80269
-6.80169
-6.79671
-6.78503
-6.76974
-6.75246
-6.73148
-6.71246
-6.69774
-6.68999
-6.69235
-6.69482
-6.70209
-6.70944
-6.71525
-6.71975
-6.72435
-6.72722
-6.72917
-6.72899
-6.73061
-6.73162
-6.73464
-6.74167
-6.74864
-6.75954
-6.77245
-6.78619
-6.79867
-6.80632
-6.80918
-6.80614
-6.79947
-6.78809
-6.77685
-6.7621
-6.74914
-6.74413
-6.74403
-6.74936
-6.75963
-6.76936
-6.78206
-6.79161
-6.80139
-6.80842
-6.81872
-6.82569
-6.83267
-6.84058
-6.84217
-6.83785
-6.82887
-6.81536
-6.79831
-6.77522
-6.7495
-6.72528
-6.70133
-6.68228
-6.6714
-6.66648
-6.67129
-6.68267
-6.7013
-6.72587
-6.7487
-6.77139
-6.7886
-6.79666
-6.80191
-6.79919
-6.79709
-6.78876
-6.77986
-6.77274
-6.76331
-6.75266
-6.74245
-6.73498
-6.72778
-6.72111
-6.72214
-6.72667
-6.73348
-6.74337
-6.75192
-6.75946
-6.76535
-6.76673
-6.76686
-6.7628
-6.75723
-6.74954
-6.74414
-6.73837
-6.73404
-6.72881
-6.72179
-6.71624
-6.71228
-6.7129
-6.7122
-6.71314
-6.71625
-6.72043
-6.72846
-6.7345
-6.74311
-6.75051
-6.76219
-6.77042
-6.78303
-6.79242
-6.80059
-6.80244
-6.79836
-6.78736
-6.76873
-6.74461
-6.7188
-6.69637
-6.68053
-6.67211
-6.67542
-6.68935
-6.71195
-6.73911
-6.76982
-6.79841
-6.82261
-6.84569
-6.86265
-6.87829
-6.89019
-6.8987
-6.901
-6.90049
-6.88985
-6.87836
-6.86066
-6.83941
-6.81589
-6.79212
-6.77028
-6.7484
-6.72856
-6.71272
-6.6975
-6.68726
-6.68332
-6.68765
-6.69886
-6.71876
-6.74138
-6.75993
-6.77253
-6.77908
-6.77261
-6.75975
-6.74287
-6.72249
-6.70566
-6.69065
-6.68344
-6.68756
-6.70161
-6.71743
-6.7404
-6.76452
-6.78415
-6.79624
-6.79865
-6.79173
-6.77823
-6.76216
-6.7519
-6.74614
-6.74719
-6.75382
-6.75937
-6.76943
-6.7776
-6.78491
-6.79283
-6.79894
-6.80084
-6.80387
-6.8003
-6.79376
-6.78283
-6.7675
-6.75398
-6.73951
-6.73078
-6.73356
-6.74343
-6.76141
-6.78063
-6.79807
-6.80936
-6.81531
-6.81307
-6.80198
-6.78231
-6.76002
-6.73918
-6.72356
-6.71446
-6.71593
-6.72629
-6.74254
-6.7616
-6.78037
-6.79614
-6.80847
-6.8175
-6.82466
-6.82693
-6.82884
-6.82902
-6.8294
-6.82851
-6.82598
-6.82162
-6.81291
-6.80332
-6.79055
-6.77411
-6.75151
-6.72979
-6.70981
-6.69136
-6.67997
-6.6772
-6.68502
-6.69807
-6.71514
-6.72819
-6.73615
-6.73663
-6.73063
-6.71527
-6.69558
-6.67836
-6.66337
-6.65722
-6.66265
-6.67741
-6.6985
-6.72541
-6.75696
-6.79068
-6.823
-6.85116
-6.87301
-6.88985
-6.89795
-6.89533
-6.88907
-6.87219
-6.852
-6.83366
-6.81441
-6.7982
-6.78545
-6.77467
-6.76307
-6.75173
-6.738
-6.7217
-6.70568
-6.68619
-6.67084
-6.65815
-6.65301
-6.65247
-6.66137
-6.673
-6.69271
-6.71509
-6.73842
-6.76556
-6.7907
-6.81246
-6.82823
-6.83482
-6.82768
-6.8125
-6.79005
-6.76119
-6.73248
-6.70302
-6.67818
-6.66602
-6.65922
-6.65943
-6.6722
-6.68771
-6.70925
-6.73571
-6.76298
-6.79075
-6.81653
-6.83931
-6.85932
-6.87219
-6.8818
-6.88313
-6.87871
-6.87487
-6.86646
-6.85853
-6.85067
-6.84268
-6.83393
-6.82123
-6.8069
-6.78324
-6.75762
-6.72619
-6.69226
-6.66125
-6.63597
-6.62014
-6.6144
-6.61944
-6.63364
-6.65302
-6.6738
-6.69547
-6.71724
-6.73826
-6.75673
-6.77483
-6.79556
-6.81195
-6.82943
-6.8405
-6.84494
-6.8449
-6.8382
-6.82784
-6.81603
-6.80055
-6.79038
-6.7818
-6.77597
-6.77756
-6.78229
-6.78888
-6.80052
-6.81155
-6.82209
-6.83036
-6.8283
-6.81729
-6.8008
-6.7793
-6.75944
-6.74049
-6.72649
-6.7172
-6.71636
-6.71954
-6.72933
-6.74148
-6.75385
-6.76175
-6.76698
-6.76563
-6.76199
-6.75265
-6.73999
-6.72465
-6.70842
-6.69319
-6.68458
-6.68241
-6.68869
-6.70156
-6.71633
-6.73424
-6.74974
-6.76371
-6.77592
-6.78105
-6.78291
-6.78187
-6.77758
-6.77349
-6.76518
-6.75842
-6.75341
-6.75057
-6.7532
-6.75571
-6.76258
-6.76946
-6.77525
-6.7801
-6.78231
-6.78008
-6.77639
-6.77084
-6.76293
-6.75515
-6.75219
-6.75364
-6.75764
-6.76727
-6.77647
-6.78414
-6.79075
-6.79374
-6.78881
-6.77979
-6.77027
-6.75419
-6.73999
-6.72585
-6.71629
-6.71318
-6.72108
-6.73603
-6.76126
-6.7917
-6.82553
-6.85734
-6.88253
-6.89684
-6.90051
-6.88966
-6.86755
-6.8352
-6.79293
-6.74347
-6.69681
-6.6548
-6.62253
-6.60274
-6.59598
-6.60398
-6.62609
-6.65611
-6.68684
-6.72201
-6.75041
-6.77405
-6.78962
-6.79544
-6.79237
-6.78478
-6.77325
-6.76277
-6.75256
-6.74876
-6.75031
-6.75974
-6.77265
-6.78722
-6.80141
-6.81881
-6.83472
-6.85042
-6.86801
-6.87816
-6.88758
-6.89018
-6.88749
-6.88033
-6.86601
-6.84362
-6.81586
-6.78714
-6.76034
-6.73699
-6.71481
-6.70077
-6.68499
-6.67731
-6.67197
-6.66975
-6.67148
-6.681
-6.69604
-6.71844
-6.74369
-6.76445
-6.77876
-6.78444
-6.78403
-6.77777
-6.76717
-6.75333
-6.74047
-6.72552
-6.70988
-6.69407
-6.68406
-6.67534
-6.67282
-6.6765
-6.68389
-6.69743
-6.71425
-6.7332
-6.75256
-6.7677
-6.78001
-6.79584
-6.80715
-6.81374
-6.82246
-6.82786
-6.82632
-6.82411
-6.81836
-6.81333
-6.80745
-6.80574
-6.80121
-6.7968
-6.79253
-6.78311
-6.76936
-6.75053
-6.72924
-6.71133
-6.69659
-6.68627
-6.68349
-6.68934
-6.69908
-6.71392
-6.73443
-6.75894
-6.78802
-6.81467
-6.83923
-6.85896
-6.87133
-6.87349
-6.86538
-6.84994
-6.83012
-6.8112
-6.79471
-6.78408
-6.77793
-6.77852
-6.77907
-6.78612
-6.7947
-6.80708
-6.81926
-6.82754
-6.83211
-6.82827
-6.81961
-6.802
-6.77933
-6.75263
-6.72284
-6.69447
-6.67338
-6.66113
-6.65593
-6.66212
-6.67303
-6.68958
-6.71153
-6.73309
-6.75399
-6.77304
-6.78953
-6.80111
-6.80709
-6.8023
-6.79119
-6.7734
-6.75187
-6.7318
-6.71496
-6.7013
-6.6954
-6.69625
-6.70351
-6.7194
-6.73854
-6.76028
-6.77937
-6.79985
-6.81244
-6.82025
-6.8259
-6.82994
-6.83141
-6.82692
-6.82575
-6.81888
-6.81188
-6.80642
-6.80055
-6.7941
-6.78747
-6.78038
-6.76939
-6.75865
-6.74693
-6.73713
-6.72859
-6.72614
-6.72599
-6.72828
-6.7277
-6.72856
-6.72349
-6.71958
-6.7132
-6.70119
-6.68989
-6.68088
-6.67547
-6.67329
-6.67541
-6.67596
-6.67903
-6.68519
-6.69447
-6.7012
-6.71095
-6.72021
-6.728
-6.73566
-6.74018
-6.74697
-6.7543
-6.76477
-6.77819
-6.79544
-6.81174
-6.82977
-6.84528
-6.85406
-6.8595
-6.85684
-6.84748
-6.83363
-6.81479
-6.79347
-6.77322
-6.75275
-6.7416
-6.73943
-6.74653
-6.76196
-6.78247
-6.80374
-6.8136
-6.78444
-6.71828
-6.6216
-6.49764
-6.37145
-6.25554
-6.16661
-6.10959
-6.08772
-6.09295
-6.12133
-6.16698
-6.22274
-6.28083
-6.34023
-6.39503
-6.43631
-6.4567
-6.45922
-6.44181
-6.40494
-6.35909
-6.30428
-6.24836
-6.20167
-6.16328
-6.14179
-6.13299
-6.1345
-6.14926
-6.1702
-6.192
-6.21033
-6.22474
-6.23264
-6.23554
-6.23654
-6.2381
-6.24255
-6.25536
-6.27422
-6.30194
-6.32857
-6.35197
-6.37346
-6.3852
-6.38802
-6.3844
-6.37144
-6.34628
-6.31353
-6.28042
-6.24684
-6.223
-6.2071
-6.19864
-6.20209
-6.21056
-6.22207
-6.23533
-6.2537
-6.27105
-6.29134
-6.30973
-6.33195
-6.35517
-6.37384
-6.3886
-6.3999
-6.40568
-6.40579
-6.39883
-6.39169
-6.38311
-6.37481
-6.36732
-6.36061
-6.3569
-6.35436
-6.3545
-6.35884
-6.3565
-6.34621
-6.32953
-6.30438
-6.27711
-6.24689
-6.22215
-6.20441
-6.18942
-6.18219
-6.18138
-6.18756
-6.19904
-6.21551
-6.23582
-6.25815
-6.27566
-6.29247
-6.30355
-6.30895
-6.31242
-6.31436
-6.31675
-6.32363
-6.3333
-6.34872
-6.3651
-6.37591
-6.37594
-6.36206
-6.34146
-6.31484
-6.29064
-6.27143
-6.25703
-6.24765
-6.24858
-6.2577
-6.27331
-6.29267
-6.31176
-6.32496
-6.33735
-6.34447
-6.34972
-6.34768
-6.33698
-6.3219
-6.29875
-6.27671
-6.26285
-6.25501
-6.25441
-6.2601
-6.27174
-6.28652
-6.30747
-6.32713
-6.34873
-6.36846
-6.38288
-6.39415
-6.39885
-6.39672
-6.38976
-6.38089
-6.37018
-6.35437
-6.33815
-6.31505
-6.28435
-6.25447
-6.22649
-6.20573
-6.1866
-6.17275
-6.16404
-6.157
-6.15525
-6.16676
-6.18984
-6.22755
-6.26992
-6.31416
-6.35184
-6.38107
-6.40399
-6.42058
-6.43196
-6.43564
-6.43313
-6.42517
-6.41372
-6.39681
-6.37874
-6.36014
-6.34305
-6.32807
-6.31731
-6.30767
-6.2975
-6.28492
-6.26803
-6.25211
-6.23552
-6.22464
-6.21663
-6.21376
-6.21637
-6.22111
-6.23422
-6.25302
-6.26962
-6.28305
-6.28947
-6.28299
-6.26501
-6.24433
-6.2228
-6.2115
-6.21342
-6.22685
-6.2538
-6.28538
-6.31324
-6.33844
-6.36139
-6.37912
-6.3981
-6.41721
-6.43369
-6.44749
-6.4531
-6.45365
-6.4419
-6.41998
-6.39238
-6.36297
-6.34173
-6.33075
-6.32976
-6.33631
-6.34655
-6.35456
-6.35943
-6.35796
-6.34523
-6.31635
-6.27425
-6.22418
-6.17452
-6.13074
-6.10554
-6.10123
-6.11691
-6.14818
-6.18673
-6.23195
-6.2744
-6.31383
-6.34969
-6.38078
-6.40473
-6.42058
-6.4298
-6.43085
-6.42643
-6.41733
-6.39965
-6.37721
-6.34887
-6.32077
-6.28971
-6.26687
-6.24665
-6.22999
-6.22123
-6.22037
-6.22362
-6.22897
-6.23226
-6.23776
-6.24476
-6.2517
-6.25787
-6.26762
-6.2781
-6.28449
-6.28954
-6.29306
-6.295
-6.29651
-6.29779
-6.29651
-6.29127
-6.28795
-6.28697
-6.28718
-6.29717
-6.30695
-6.31458
-6.31948
-6.31878
-6.30671
-6.28948
-6.2702
-6.24872
-6.23456
-6.22832
-6.23011
-6.23542
-6.24516
-6.25119
-6.25437
-6.25443
-6.25428
-6.25249
-6.26027
-6.28521
-6.32833
-6.38289
-6.43645
-6.48474
-6.51999
-6.53643
-6.53066
-6.50922
-6.47545
-6.42637
-6.37457
-6.32398
-6.27795
-6.24406
-6.22535
-6.22746
-6.24231
-6.27535
-6.30978
-6.33834
-6.36216
-6.37592
-6.37893
-6.37066
-6.35536
-6.33232
-6.30545
-6.28114
-6.25709
-6.24051
-6.22915
-6.2261
-6.22937
-6.24177
-6.26002
-6.27874
-6.29741
-6.31269
-6.32285
-6.32389
-6.31624
-6.30073
-6.27274
-6.23891
-6.19674
-6.15804
-6.122
-6.10068
-6.09276
-6.1048
-6.13648
-6.18307
-6.24454
-6.30768
-6.36723
-6.41461
-6.45025
-6.46785
-6.46749
-6.45495
-6.42949
-6.40244
-6.37747
-6.36055
-6.35125
-6.34785
-6.34305
-6.32875
-6.31489
-6.30266
-6.29279
-6.2891
-6.28827
-6.28503
-6.27787
-6.2736
-6.27447
-6.27993
-6.29684
-6.31885
-6.34541
-6.37133
-6.39826
-6.41814
-6.4358
-6.44506
-6.44505
-6.43369
-6.40811
-6.37143
-6.32571
-6.2751
-6.22877
-6.19123
-6.16492
-6.15097
-6.1469
-6.15023
-6.1589
-6.17344
-6.19395
-6.22259
-6.25351
-6.28634
-6.31837
-6.3467
-6.37093
-6.38884
-6.40332
-6.40924
-6.41056
-6.40378
-6.39084
-6.37422
-6.35527
-6.34162
-6.33595
-6.33373
-6.33372
-6.33246
-6.3241
-6.31074
-6.29604
-6.28041
-6.26485
-6.2529
-6.24562
-6.24343
-6.24457
-6.247
-6.25211
-6.25591
-6.25947
-6.25952
-6.26147
-6.26997
-6.28091
-6.29965
-6.32298
-6.34528
-6.3657
-6.3855
-6.41307
-6.44265
-6.47128
-6.4936
-6.49875
-6.48284
-6.44891
-6.40015
-6.35047
-6.30833
-6.28156
-6.2713
-6.27089
-6.28034
-6.29462
-6.3072
-6.31438
-6.31133
-6.30042
-6.27578
-6.24665
-6.2206
-6.20184
-6.19249
-6.1919
-6.20271
-6.21978
-6.24535
-6.26969
-6.2926
-6.30995
-6.32164
-6.32672
-6.32838
-6.32633
-6.32305
-6.31999
-6.3178
-6.3243
-6.34166
-6.36048
-6.37777
-6.38439
-6.37448
-6.35373
-6.32093
-6.27926
-6.23961
-6.20389
-6.18148
-6.17946
-6.19564
-6.22941
-6.27262
-6.31972
-6.36582
-6.40517
-6.42818
-6.43602
-6.43156
-6.41917
-6.39984
-6.37719
-6.354
-6.32909
-6.30838
-6.28867
-6.27201
-6.26515
-6.26759
-6.2739
-6.27781
-6.28266
-6.28454
-6.28252
-6.2766
-6.27679
-6.28178
-6.30126
-6.32697
-6.35788
-6.38718
-6.41209
-6.42982
-6.43856
-6.43955
-6.43142
-6.41334
-6.38543
-6.34904
-6.31261
-6.27264
-6.23836
-6.20408
-6.17576
-6.15788
-6.15239
-6.1567
-6.172
-6.19598
-6.22361
-6.24992
-6.27457
-6.29431
-6.30691
-6.31458
-6.31714
-6.31842
-6.31664
-6.32052
-6.3339
-6.35304
-6.37274
-6.39505
-6.41643
-6.43811
-6.45633
-6.46151
-6.45
-6.41928
-6.37405
-6.32091
-6.27272
-6.24261
-6.23732
-6.25451
-6.28569
-6.31377
-6.33622
-6.34298
-6.33551
-6.31321
-6.2795
-6.23523
-6.18902
-6.14434
-6.11051
-6.08895
-6.07964
-6.07982
-6.09162
-6.11106
-6.13603
-6.17583
-6.22506
-6.27994
-6.33686
-6.38816
-6.42595
-6.44749
-6.45392
-6.44715
-6.43233
-6.41447
-6.39596
-6.37548
-6.35641
-6.34393
-6.33495
-6.32853
-6.3248
-6.32208
-6.3277
-6.3394
-6.35671
-6.37326
-6.38778
-6.39444
-6.3927
-6.38521
-6.374
-6.3573
-6.33655
-6.31154
-6.28567
-6.26415
-6.2477
-6.2313
-6.21584
-6.20506
-6.19691
-6.19125
-6.18407
-6.1825
-6.18294
-6.19123
-6.20316
-6.22187
-6.24409
-6.27395
-6.30622
-6.34482
-6.38205
-6.41347
-6.43926
-6.45754
-6.46399
-6.46256
-6.4515
-6.43497
-6.41463
-6.39895
-6.38548
-6.37581
-6.36502
-6.34985
-6.33159
-6.30983
-6.28444
-6.2667
-6.25536
-6.25862
-6.27027
-6.29735
-6.3314
-6.3648
-6.38816
-6.39444
-6.38568
-6.35912
-6.31421
-6.26321
-6.21205
-6.16885
-6.14672
-6.14661
-6.16705
-6.19693
-6.23295
-6.27116
-6.30757
-6.33611
-6.36192
-6.37783
-6.37997
-6.37068
-6.35586
-6.33796
-6.31997
-6.31054
-6.3104
-6.31488
-6.32171
-6.32355
-6.31429
-6.29563
-6.26736
-6.23663
-6.21116
-6.19021
-6.18113
-6.18104
-6.18231
-6.19069
-6.20079
-6.21199
-6.2314
-6.25551
-6.28475
-6.31767
-6.35174
-6.38088
-6.40455
-6.41821
-6.42163
-6.41274
-6.39768
-6.38252
-6.36685
-6.35462
-6.35551
-6.36686
-6.38533
-6.40633
-6.4304
-6.44886
-6.45779
-6.45503
-6.44367
-6.42176
-6.38885
-6.35052
-6.31395
-6.27859
-6.25241
-6.23808
-6.23263
-6.24205
-6.25567
-6.27984
-6.30826
-6.34326
-6.37583
-6.39957
-6.41064
-6.40587
-6.38345
-6.35005
-6.31159
-6.27414
-6.24131
-6.21655
-6.19851
-6.19389
-6.19471
-6.20292
-6.21415
-6.22606
-6.23481
-6.23908
-6.24309
-6.2484
-6.25363
-6.26244
-6.2735
-6.28463
-6.28824
-6.28404
-6.2711
-6.25306
-6.23384
-6.20988
-6.18967
-6.17103
-6.16332
-6.16935
-6.18716
-6.22221
-6.26522
-6.3139
-6.35877
-6.39384
-6.4168
-6.42679
-6.43014
-6.42294
-6.41342
-6.39906
-6.38671
-6.3706
-6.35537
-6.33759
-6.32217
-6.31
-6.30058
-6.2972
-6.29668
-6.30384
-6.31603
-6.32356
-6.32715
-6.3198
-6.30158
-6.27601
-6.24408
-6.20975
-6.17637
-6.15506
-6.14553
-6.15366
-6.17343
-6.20503
-6.23862
-6.26925
-6.29798
-6.3265
-6.35248
-6.37964
-6.40303
-6.42118
-6.42594
-6.42407
-6.41167
-6.39435
-6.37211
-6.35546
-6.34428
-6.3354
-6.32403
-6.31065
-6.30123
-6.29478
-6.29186
-6.29337
-6.29987
-6.30736
-6.31758
-6.32691
-6.33162
-6.33063
-6.32551
-6.31232
-6.29206
-6.26997
-6.24916
-6.23449
-6.22842
-6.23512
-6.2509
-6.27488
-6.29631
-6.31361
-6.32404
-6.32275
-6.30693
-6.28284
-6.25468
-6.23006
-6.21506
-6.21537
-6.22268
-6.23734
-6.25731
-6.28184
-6.3062
-6.32937
-6.34682
-6.35927
-6.36328
-6.36041
-6.35369
-6.34336
-6.33159
-6.32069
-6.31314
-6.30945
-6.3095
-6.30786
-6.30995
-6.30994
-6.31022
-6.30711
-6.30226
-6.2947
-6.29043
-6.29101
-6.2989
-6.31282
-6.33606
-6.35901
-6.38127
-6.3963
-6.40279
-6.39456
-6.37459
-6.34524
-6.31708
-6.29505
-6.28122
-6.27459
-6.27081
-6.26871
-6.26617
-6.26712
-6.27457
-6.28963
-6.31015
-6.3357
-6.3586
-6.37839
-6.38858
-6.38773
-6.37014
-6.34312
-6.30526
-6.26429
-6.22512
-6.19483
-6.17237
-6.16517
-6.16844
-6.17997
-6.19069
-6.19478
-6.19286
-6.19397
-6.19952
-6.21868
-6.25056
-6.28901
-6.32663
-6.35588
-6.3765
-6.38735
-6.38849
-6.38424
-6.37725
-6.36914
-6.36367
-6.36342
-6.36861
-6.38227
-6.39992
-6.41994
-6.44023
-6.4557
-6.46273
-6.45491
-6.43659
-6.4017
-6.3553
-6.30715
-6.25673
-6.21684
-6.18984
-6.17377
-6.17421
-6.1864
-6.21001
-6.23902
-6.27295
-6.30791
-6.33692
-6.35765
-6.36557
-6.36015
-6.34915
-6.33285
-6.31909
-6.31307
-6.31951
-6.33513
-6.35364
-6.37596
-6.39358
-6.40156
-6.40463
-6.39999
-6.39092
-6.37709
-6.35814
-6.33273
-6.30507
-6.27694
-6.25156
-6.23139
-6.21623
-6.20137
-6.18697
-6.16812
-6.14925
-6.13784
-6.13501
-6.14331
-6.16472
-6.19636
-6.23679
-6.28546
-6.33894
-6.39026
-6.43304
-6.45802
-6.46746
-6.46451
-6.45475
-6.43767
-6.41938
-6.3951
-6.36146
-6.32154
-6.27066
-6.21704
-6.16645
-6.11994
-6.08735
-6.06344
-6.04932
-6.04281
-6.03669
-6.02705
-6.01994
-6.01303
-6.00066
-5.98788
-5.97431
-5.96485
-5.96503
-5.97672
-5.99888
-6.01977
-6.03583
-6.04629
-6.04894
-6.04679
-6.04428
-6.04089
-6.03654
-6.03739
-6.04495
-6.05816
-6.07594
-6.09994
-6.12789
-6.15548
-6.17289
-6.17957
-6.17233
-6.15763
-6.1398
-6.12636
-6.12434
-6.13575
-6.15095
-6.1664
-6.17808
-6.17814
-6.16456
-6.14008
-6.10477
-6.07293
-6.04537
-6.0327
-6.0338
-6.05238
-6.07942
-6.11162
-6.14351
-6.16918
-6.18908
-6.20052
-6.2053
-6.20631
-6.20557
-6.20255
-6.20191
-6.19917
-6.19148
-6.17789
-6.15928
-6.1354
-6.1107
-6.09125
-6.08097
-6.0835
-6.10096
-6.12086
-6.1413
-6.16209
-6.177
-6.18725
-6.19208
-6.18357
-6.16487
-6.14107
-6.11835
-6.09512
-6.07694
-6.06834
-6.07454
-6.09422
-6.12388
-6.1532
-6.17851
-6.19456
-6.19083
-6.17036
-6.13714
-6.0932
-6.05201
-6.02442
-6.01125
-6.01829
-6.03831
-6.07103
-6.11243
-6.16073
-6.21668
-6.27533
-6.33255
-6.37969
-6.4086
-6.41661
-6.40396
-6.37254
-6.3172
-6.24173
-6.15495
-6.0736
-6.01346
-5.98501
-5.97636
-5.97693
-5.97569
-5.97589
-5.98483
-6.00915
-6.04367
-6.08858
-6.13066
-6.15916
-6.17335
-6.16523
-6.14223
-6.10505
-6.06396
-6.02901
-6.00312
-5.98929
-5.98784
-5.99863
-6.01665
-6.0385
-6.06347
-6.08409
-6.10109
-6.11142
-6.11621
-6.12301
-6.12952
-6.14528
-6.16962
-6.20227
-6.24133
-6.27856
-6.31289
-6.34134
-6.355
-6.35275
-6.3371
-6.2995
-6.24644
-6.18112
-6.11192
-6.0501
-6.00585
-5.98563
-5.9922
-6.02395
-6.07408
-6.12693
-6.17547
-6.21319
-6.23879
-6.25949
-6.27346
-6.28652
-6.29409
-6.29149
-6.27759
-6.25025
-6.20414
-6.14722
-6.08293
-6.01443
-5.94627
-5.88794
-5.84623
-5.82249
-5.82774
-5.86213
-5.91637
-5.98655
-6.05709
-6.11792
-6.16583
-6.20046
-6.22134
-6.23307
-6.24108
-6.24917
-6.25206
-6.25541
-6.26075
-6.27159
-6.28516
-6.29781
-6.29996
-6.29389
-6.27438
-6.24625
-6.2166
-6.19527
-6.17654
-6.16991
-6.17361
-6.18392
-6.19882
-6.21741
-6.22653
-6.22044
-6.20017
-6.16876
-6.13267
-6.09986
-6.07647
-6.06518
-6.05995
-6.05934
-6.05881
-6.0621
-6.07076
-6.0821
-6.09726
-6.11114
-6.11869
-6.12432
-6.12665
-6.12552
-6.12421
-6.12148
-6.11577
-6.10623
-6.09272
-6.08424
-6.07885
-6.07611
-6.07741
-6.07649
-6.07842
-6.08146
-6.08553
-6.09577
-6.10993
-6.12682
-6.1437
-6.15991
-6.1695
-6.17089
-6.167
-6.15956
-6.15041
-6.14297
-6.13638
-6.13285
-6.12764
-6.12072
-6.10994
-6.1003
-6.0974
-6.10128
-6.10982
-6.12462
-6.13955
-6.15041
-6.15196
-6.13936
-6.10791
-6.06531
-6.01303
-5.96296
-5.9243
-5.89819
-5.88985
-5.89543
-5.91167
-5.93376
-5.95464
-5.97191
-5.99258
-6.01809
-6.05369
-6.10272
-6.16036
-6.22135
-6.27732
-6.32115
-6.35564
-6.37256
-6.37602
-6.36407
-6.33934
-6.29974
-6.25402
-6.20518
-6.156
-6.11834
-6.09307
-6.07908
-6.07845
-6.08414
-6.09822
-6.11962
-6.14924
-6.18047
-6.21816
-6.25259
-6.2822
-6.30828
-6.31987
-6.32333
-6.31156
-6.28753
-6.24987
-6.20211
-6.14562
-6.08777
-6.04137
-6.0071
-5.99562
-6.00512
-6.03494
-6.08063
-6.13205
-6.18004
-6.21886
-6.24509
-6.25115
-6.23872
-6.20351
-6.15595
-6.10532
-6.05799
-6.02242
-6.00684
-6.0102
-6.02222
-6.04163
-6.06432
-6.08334
-6.09776
-6.10789
-6.11389
-6.11299
-6.1064
-6.09325
-6.06736
-6.03148
-5.9858
-5.93469
-5.88801
-5.85891
-5.85259
-5.87652
-5.92429
-5.98457
-6.04746
-6.10492
-6.15298
-6.18239
-6.2012
-6.20529
-6.20176
-6.19134
-6.17883
-6.16825
-6.16001
-6.15695
-6.15588
-6.15995
-6.17107
-6.19264
-6.21784
-6.24386
-6.26877
-6.28569
-6.29034
-6.28167
-6.2596
-6.22923
-6.19882
-6.17476
-6.15297
-6.13853
-6.12837
-6.11587
-6.10354
-6.08698
-6.06692
-6.04902
-6.03729
-6.03825
-6.055
-6.08854
-6.12708
-6.16017
-6.18718
-6.20961
-6.22064
-6.22483
-6.22149
-6.21771
-6.21464
-6.21779
-6.22088
-6.21973
-6.21042
-6.18812
-6.1554
-6.12117
-6.09295
-6.0801
-6.09
-6.11412
-6.1449
-6.17163
-6.18237
-6.17129
-6.13976
-6.09922
-6.05428
-6.01371
-5.98623
-5.97464
-5.97508
-5.99051
-6.01139
-6.03955
-6.06697
-6.09693
-6.12516
-6.15193
-6.17368
-6.18561
-6.18673
-6.17586
-6.1534
-6.12986
-6.11467
-6.11251
-6.12422
-6.14545
-6.16912
-6.1944
-6.2174
-6.23089
-6.23111
-6.22479
-6.20988
-6.19126
-6.17631
-6.16428
-6.15988
-6.15785
-6.15525
-6.1421
-6.119
-6.08958
-6.06169
-6.04525
-6.04301
-6.05321
-6.06761
-6.0835
-6.09933
-6.11682
-6.14206
-6.1689
-6.1951
-6.219
-6.23658
-6.2449
-6.24474
-6.2315
-6.21112
-6.18712
-6.16188
-6.14212
-6.12701
-6.11583
-6.10319
-6.09255
-6.08521
-6.07792
-6.07936
-6.08348
-6.09284
-6.10658
-6.12589
-6.14707
-6.16848
-6.18701
-6.19795
-6.19671
-6.18718
-6.16873
-6.144
-6.10607
-6.06308
-6.015
-5.96551
-5.919
-5.87885
-5.85191
-5.84003
-5.85132
-5.89239
-5.95678
-6.03881
-6.12417
-6.20152
-6.26595
-6.3035
-6.31597
-6.30484
-6.26683
-6.21305
-6.1517
-6.09662
-6.06006
-6.04656
-6.05957
-6.10018
-6.15584
-6.21891
-6.27481
-6.31176
-6.33459
-6.34197
-6.3301
-6.2996
-6.24938
-6.18784
-6.12091
-6.05778
-6.00724
-5.98193
-5.9804
-5.99747
-6.03328
-6.08115
-6.13086
-6.17582
-6.21655
-6.24335
-6.26385
-6.27791
-6.27835
-6.25979
-6.22896
-6.1865
-6.1434
-6.10917
-6.09136
-6.08912
-6.10508
-6.12987
-6.15503
-6.17929
-6.19916
-6.2076
-6.20531
-6.19256
-6.17299
-6.15046
-6.12775
-6.10895
-6.09465
-6.08318
-6.0719
-6.06605
-6.06151
-6.05825
-6.05277
-6.0386
-6.01378
-5.98257
-5.94751
-5.91665
-5.8962
-5.8885
-5.90106
-5.92759
-5.9696
-6.02364
-6.08426
-6.14789
-6.2111
-6.27206
-6.32778
-6.36394
-6.38448
-6.38907
-6.3814
-6.35831
-6.32691
-6.28757
-6.2448
-6.19484
-6.14547
-6.10224
-6.07036
-6.0544
-6.05424
-6.07175
-6.09376
-6.11759
-6.13554
-6.14706
-6.15008
-6.14763
-6.14205
-6.13069
-6.11426
-6.09102
-6.06552
-6.03688
-6.01269
-6.00308
-6.0128
-6.03481
-6.07106
-6.11347
-6.15096
-6.17693
-6.19617
-6.20158
-6.19597
-6.18315
-6.1626
-6.13898
-6.11338
-6.08501
-6.05644
-6.03637
-6.02891
-6.02786
-6.03854
-6.05585
-6.07451
-6.09037
-6.10511
-6.11336
-6.11668
-6.11096
-6.1004
-6.09046
-6.08999
-6.09777
-6.11322
-6.13367
-6.15127
-6.16933
-6.17668
-6.17232
-6.15058
-6.1133
-6.06641
-6.02058
-5.98268
-5.96278
-5.96123
-5.97798
-6.00318
-6.0347
-6.06764
-6.09932
-6.13514
-6.17602
-6.21634
-6.25661
-6.28487
-6.30283
-6.30863
-6.30344
-6.29292
-6.27558
-6.25603
-6.23229
-6.20586
-6.17849
-6.14613
-6.11874
-6.09346
-6.06948
-6.049
-6.03258
-6.02906
-6.04408
-6.0784
-6.12312
-6.17168
-6.20978
-6.2318
-6.23594
-6.21944
-6.18513
-6.14172
-6.09222
-6.04436
-6.00538
-5.98325
-5.97792
-5.99109
-6.01925
-6.05554
-6.09764
-6.13691
-6.17279
-6.20464
-6.22817
-6.24245
-6.2473
-6.2469
-6.24298
-6.23742
-6.237
-6.2396
-6.23999
-6.23473
-6.22096
-6.19818
-6.16401
-6.12461
-6.08461
-6.05331
-6.03301
-6.03014
-6.04338
-6.07456
-6.10969
-6.14966
-6.18502
-6.21697
-6.23677
-6.24124
-6.23124
-6.20605
-6.16878
-6.12507
-6.08457
-6.05239
-6.03295
-6.03116
-6.0438
-6.06825
-6.09459
-6.11821
-6.13214
-6.13647
-6.1414
-6.15073
-6.16034
-6.17251
-6.17745
-6.16979
-6.15583
-6.13078
-6.10355
-6.08065
-6.07168
-6.08281
-6.1144
-6.15625
-6.19789
-6.23447
-6.25778
-6.26539
-6.25596
-6.23279
-6.19835
-6.15619
-6.1056
-6.05442
-6.00488
-5.96334
-5.93187
-5.91388
-5.90964
-5.92213
-5.95055
-5.98673
-6.02736
-6.06368
-6.09551
-6.11572
-6.12472
-6.12332
-6.11905
-6.11393
-6.10833
-6.10487
-6.08973
-6.06757
-6.0481
-6.03389
-6.03408
-6.04681
-6.0766
-6.11513
-6.16446
-6.21615
-6.26817
-6.31139
-6.34124
-6.35026
-6.34006
-6.31229
-6.2737
-6.23014
-6.18553
-6.1424
-6.10064
-6.06584
-6.03696
-6.01486
-5.99792
-5.98803
-5.98077
-5.98231
-5.98307
-5.98337
-5.98323
-5.98497
-5.9878
-6.00068
-6.02106
-6.04511
-6.06747
-6.08446
-6.09811
-6.11343
-6.13334
-6.15878
-6.18913
-6.21979
-6.24694
-6.27002
-6.28725
-6.29779
-6.30208
-6.30118
-6.29357
-6.28071
-6.26204
-6.23979
-6.21071
-6.17866
-6.1475
-6.1261
-6.11691
-6.12377
-6.13873
-6.15898
-6.18124
-6.19846
-6.20797
-6.21122
-6.20556
-6.18778
-6.15349
-6.11147
-6.06509
-6.02636
-5.99639
-5.9802
-5.9789
-5.98762
-6.00319
-6.02563
-6.04888
-6.06801
-6.07745
-6.0763
-6.06683
-6.05911
-6.05448
-6.06465
-6.08599
-6.11578
-6.14473
-6.16354
-6.16974
-6.1606
-6.14032
-6.11499
-6.08729
-6.0657
-6.05335
-6.0513
-6.06
-6.08188
-6.11572
-6.15513
-6.18912
-6.2133
-6.22436
-6.22833
-6.22381
-6.22266
-6.22301
-6.22061
-6.21548
-6.20627
-6.18921
-6.165
-6.13658
-6.10824
-6.077
-6.04519
-6.01827
-6.00105
-5.99511
-6.00746
-6.03259
-6.07043
-6.11583
-6.15977
-6.19684
-6.21985
-6.23252
-6.23408
-6.22279
-6.20416
-6.18054
-6.15132
-6.11813
-6.08605
-6.05879
-6.03974
-6.03709
-6.05121
-6.08428
-6.1289
-6.17591
-6.21225
-6.23107
-6.22888
-6.20639
-6.16777
-6.12563
-6.08421
-6.05645
-6.04493
-6.04902
-6.06717
-6.0951
-6.13219
-6.17613
-6.21826
-6.25695
-6.28861
-6.30792
-6.30992
-6.29502
-6.261
-6.21522
-6.16641
-6.11676
-6.07764
-6.05255
-6.0445
-6.04946
-6.05732
-6.06784
-6.07536
-6.08012
-6.08233
-6.08526
-6.08548
-6.07686
-6.05807
-6.03609
-6.01978
-6.01139
-6.01351
-6.0231
-6.04084
-6.06322
-6.089
-6.11699
-6.14846
-6.17236
-6.19245
-6.20439
-6.20822
-6.20999
-6.20622
-6.19128
-6.17152
-6.14242
-6.11162
-6.08188
-6.06255
-6.05539
-6.05387
-6.05935
-6.06598
-6.06613
-6.0644
-6.06243
-6.05748
-6.04952
-6.04188
-6.02928
-6.01841
-6.01148
-6.0037
-5.99956
-5.98765
-5.9727
-5.94129
-5.90396
-5.8674
-5.84081
-5.83014
-5.83616
-5.86188
-5.89817
-5.93863
-5.98197
-6.0204
-6.05175
-6.07818
-6.10664
-6.13508
-6.16166
-6.1805
-6.18347
-6.17269
-6.15242
-6.13558
-6.1256
-6.12555
-6.12991
-6.14093
-6.15575
-6.16992
-6.17527
-6.16059
-6.12277
-6.06701
-6.004
-5.94772
-5.90432
-5.87648
-5.86068
-5.85112
-5.85234
-5.85961
-5.86771
-5.87349
-5.87591
-5.87602
-5.88123
-5.90228
-5.94591
-6.00759
-6.0765
-6.14647
-6.20446
-6.24954
-6.27378
-6.27611
-6.25475
-6.21807
-6.16327
-6.09487
-6.02326
-5.94895
-5.89052
-5.84805
-5.84087
-5.87661
-5.94555
-6.03056
-6.11954
-6.19339
-6.24684
-6.27037
-6.2657
-6.2307
-6.17529
-6.11914
-6.07849
-6.06816
-6.08457
-6.11644
-6.1441
-6.15445
-6.1419
-6.10881
-6.06331
-6.01204
-5.9715
-5.95416
-5.96311
-5.98799
-6.01293
-6.03208
-6.03941
-6.04076
-6.03542
-6.02281
-6.00418
-5.98718
-5.97927
-5.98578
-6.00767
-6.03779
-6.06597
-6.08469
-6.08949
-6.07596
-6.04828
-6.00845
-5.9657
-5.92632
-5.89925
-5.89406
-5.90985
-5.94023
-5.97956
-6.01939
-6.05311
-6.08285
-6.10959
-6.12641
-6.13501
-6.13576
-6.1267
-6.10909
-6.0844
-6.05842
-6.03665
-6.02431
-6.01495
-6.01003
-5.99991
-5.98684
-5.97033
-5.9517
-5.93703
-5.9294
-5.93852
-5.95404
-5.97158
-5.98809
-6.00908
-6.0334
-6.06768
-6.10976
-6.14821
-6.18452
-6.20976
-6.22004
-6.20901
-6.17623
-6.12554
-6.06098
-5.99045
-5.92952
-5.88574
-5.86348
-5.86221
-5.87509
-5.88521
-5.89722
-5.90705
-5.92145
-5.94571
-5.98903
-6.04461
-6.10143
-6.15455
-6.19954
-6.23236
-6.25156
-6.25778
-6.25579
-6.2404
-6.21793
-6.18937
-6.16513
-6.14404
-6.12575
-6.11381
-6.10727
-6.10761
-6.11125
-6.11823
-6.12284
-6.12252
-6.10887
-6.08678
-6.04864
-5.99848
-5.94927
-5.91356
-5.90019
-5.91404
-5.94683
-5.97907
-6.00147
-6.00355
-5.99027
-5.96699
-5.94495
-5.92786
-5.91806
-5.91772
-5.92336
-5.93363
-5.9499
-5.97703
-6.01172
-6.05072
-6.0909
-6.11871
-6.13388
-6.13586
-6.11874
-6.09023
-6.0577
-6.0298
-6.01195
-5.99602
-5.97992
-5.96035
-5.93761
-5.92003
-5.91241
-5.9135
-5.9237
-5.93298
-5.93933
-5.94549
-5.95459
-5.97437
-6.00654
-6.04571
-6.08356
-6.11084
-6.12592
-6.12694
-6.11895
-6.10442
-6.08691
-6.06473
-6.04072
-6.00872
-5.98336
-5.97106
-5.97399
-5.9925
-6.02721
-6.06795
-6.10966
-6.14939
-6.1855
-6.20697
-6.21307
-6.20012
-6.16323
-6.1084
-6.04161
-5.97694
-5.92802
-5.90644
-5.90701
-5.92632
-5.9502
-5.96952
-5.98481
-5.99409
-6.0056
-6.02134
-6.04427
-6.07247
-6.10701
-6.13981
-6.16631
-6.18298
-6.18595
-6.17803
-6.15569
-6.12582
-6.08618
-6.04372
-6.00093
-5.96694
-5.94624
-5.94131
-5.95363
-5.97877
-6.01332
-6.0569
-6.09551
-6.12576
-6.1381
-6.13357
-6.1169
-6.09805
-6.081
-6.06248
-6.0471
-6.02628
-6.00041
-5.98191
-5.97962
-5.99723
-6.02636
-6.05912
-6.08514
-6.10114
-6.10258
-6.09232
-6.07675
-6.05876
-6.04786
-6.04067
-6.03875
-6.04342
-6.04767
-6.0472
-6.04579
-6.04142
-6.03291
-6.02458
-6.0124
-5.99248
-5.96481
-5.93021
-5.89356
-5.85828
-5.83178
-5.81787
-5.82223
-5.84356
-5.88113
-5.92875
-5.97932
-6.02751
-6.07068
-6.10129
-6.11949
-6.12981
-6.1328
-6.12927
-6.12101
-6.10764
-6.09068
-6.06831
-6.0342
-5.99251
-5.95234
-5.92092
-5.90904
-5.91221
-5.92575
-5.94695
-5.96855
-5.98786
-6.00501
-6.00924
-6.0081
-6.00135
-5.9924
-5.9928
-6.00869
-6.03801
-6.07001
-6.10177
-6.12686
-6.14482
-6.15139
-6.15064
-6.1438
-6.14431
-6.15061
-6.16014
-6.17226
-6.18507
-6.19175
-6.18825
-6.17839
-6.16087
-6.13234
-6.09492
-6.04794
-5.99669
-5.94484
-5.90546
-5.88147
-5.879
-5.89238
-5.92033
-5.95322
-5.98799
-6.01754
-6.04062
-6.05486
-6.05794
-6.05663
-6.05467
-6.04757
-6.03499
-6.01051
-5.97181
-5.91893
-5.85459
-5.79378
-5.74899
-5.73244
-5.7549
-5.81262
-5.89368
-5.978
-6.05323
-6.10992
-6.14585
-6.1635
-6.1678
-6.16914
-6.16522
-6.15045
-6.12528
-6.08131
-6.02493
-5.96265
-5.89913
-5.84651
-5.81137
-5.79977
-5.81412
-5.85083
-5.90721
-5.98196
-6.06088
-6.13515
-6.19546
-6.23717
-6.25939
-6.26779
-6.25481
-6.23435
-6.20833
-6.17983
-6.1544
-6.1358
-6.12192
-6.11742
-6.11488
-6.11862
-6.13088
-6.14374
-6.15748
-6.16991
-6.17806
-6.1861
-6.19123
-6.18982
-6.17378
-6.14252
-6.09906
-6.04546
-5.98725
-5.93541
-5.89628
-5.86835
-5.85045
-5.84234
-5.84791
-5.86013
-5.88122
-5.90616
-5.92737
-5.94073
-5.94271
-5.93895
-5.93383
-5.93151
-5.93348
-5.93963
-5.95109
-5.9681
-5.99377
-6.0242
-6.05557
-6.08028
-6.09853
-6.1061
-6.10481
-6.09146
-6.06619
-6.03311
-5.99494
-5.95453
-5.91553
-5.89245
-5.88762
-5.90428
-5.93183
-5.9593
-5.97824
-5.98814
-5.99152
-5.98863
-5.98614
-5.97878
-5.97267
-5.96979
-5.97043
-5.97005
-5.96642
-5.95802
-5.94951
-5.94008
-5.92723
-5.91447
-5.9033
-5.89276
-5.89368
-5.91234
-5.94586
-5.98916
-6.03101
-6.05894
-6.07728
-6.08575
-6.09145
-6.0995
-6.11384
-6.13423
-6.15431
-6.17562
-6.19256
-6.21086
-6.22824
-6.241
-6.24447
-6.23613
-6.22288
-6.20684
-6.18546
-6.15957
-6.1263
-6.09016
-6.04768
-6.00817
-5.97328
-5.9439
-5.92514
-5.92041
-5.93102
-5.95302
-5.99109
-6.03769
-6.0829
-6.11753
-6.12939
-6.11693
-6.08185
-6.03793
-5.99727
-5.96879
-5.95661
-5.96046
-5.97049
-5.98159
-5.99174
-6.0024
-6.0119
-6.02362
-6.04042
-6.05963
-6.07827
-6.09581
-6.10714
-6.10763
-6.10049
-6.08122
-6.05229
-6.023
-5.9927
-5.96849
-5.95503
-5.94851
-5.94664
-5.94402
-5.94198
-5.94339
-5.94448
-5.94004
-5.93459
-5.93068
-5.91992
-5.90661
-5.89545
-5.88723
-5.88962
-5.90451
-5.93732
-5.98724
-6.04549
-6.11045
-6.17003
-6.22055
-6.25729
-6.277
-6.28037
-6.26473
-6.23415
-6.18622
-6.12986
-6.08215
-6.04921
-6.02826
-6.01528
-6.0045
-5.99759
-5.99629
-5.99123
-5.97899
-5.95887
-5.93295
-5.91048
-5.89298
-5.88472
-5.89014
-5.906
-5.93623
-5.96962
-5.99879
-6.01565
-6.02412
-6.02292
-6.01527
-6.00858
-6.0026
-6.00191
-6.00898
-6.02454
-6.04189
-6.05976
-6.07116
-6.07499
-6.0758
-6.07226
-6.06736
-6.06458
-6.06201
-6.05265
-6.04101
-6.0268
-6.01215
-5.99937
-5.98462
-5.97259
-5.95943
-5.94685
-5.93006
-5.91868
-5.90775
-5.90269
-5.90349
-5.91706
-5.94286
-5.97569
-6.01398
-6.05267
-6.08679
-6.11158
-6.12801
-6.13532
-6.14204
-6.14821
-6.15386
-6.16309
-6.16586
-6.16535
-6.16019
-6.14631
-6.12876
-6.10611
-6.07937
-6.04737
-6.017
-5.9921
-5.97357
-5.9591
-5.95299
-5.94925
-5.95141
-5.9621
-5.98272
-6.0116
-6.04228
-6.06822
-6.08588
-6.09953
-6.10434
-6.10526
-6.09865
-6.0817
-6.05875
-6.03561
-6.01909
-6.01245
-6.01474
-6.02162
-6.02918
-6.02988
-6.02977
-6.01709
-5.99889
-5.98225
-5.96451
-5.95274
-5.93816
-5.92319
-5.90926
-5.89237
-5.87781
-5.87056
-5.87787
-5.89642
-5.92959
-5.96877
-6.012
-6.05422
-6.08884
-6.10564
-6.09961
-6.07154
-6.02745
-5.98818
-5.9719
-5.98915
-6.03314
-6.0944
-6.15922
-6.21981
-6.26964
-6.3007
-6.31729
-6.31672
-6.30385
-6.28385
-6.2585
-6.22763
-6.19267
-6.15749
-6.12277
-6.09796
-6.08687
-6.08611
-6.08839
-6.0864
-6.07518
-6.05227
-6.01593
-5.97182
-5.92249
-5.87881
-5.84275
-5.82954
-5.83726
-5.85934
-5.88972
-5.92202
-5.95141
-5.9766
-5.99474
-6.01193
-6.02536
-6.03721
-6.04273
-6.03801
-6.02333
-5.99875
-5.9685
-5.93987
-5.91771
-5.89751
-5.89227
-5.90082
-5.9257
-5.96452
-6.01422
-6.06384
-6.11044
-6.14575
-6.16499
-6.17466
-6.17183
-6.16751
-6.15849
-6.15337
-6.15603
-6.16614
-6.18436
-6.20583
-6.23088
-6.25438
-6.27081
-6.27823
-6.27151
-6.25137
-6.21615
-6.16332
-6.10387
-6.04127
-5.98315
-5.92887
-5.88471
-5.8548
-5.83652
-5.83481
-5.84605
-5.86155
-5.87875
-5.89304
-5.89937
-5.89335
-5.88534
-5.87925
-5.88627
-5.90958
-5.94345
-5.98662
-6.02847
-6.0596
-6.07457
-6.07365
-6.06008
-6.03746
-6.01864
-6.0056
-5.99966
-6.00728
-6.02087
-6.03484
-6.04257
-6.04194
-6.02678
-6.00095
-5.96877
-5.94986
-5.95136
-5.96395
-5.9845
-5.99998
-6.00605
-5.99853
-5.98014
-5.96083
-5.95027
-5.94666
-5.95214
-5.96693
-5.98895
-6.00671
-6.03113
-6.05371
-6.08044
-6.10553
-6.12624
-6.14109
-6.14941
-6.14865
-6.13746
-6.11313
-6.08502
-6.05659
-6.02389
-5.99786
-5.97755
-5.96221
-5.95561
-5.95542
-5.96755
-5.9924
-6.02713
-6.07065
-6.11723
-6.16472
-6.20721
-6.23489
-6.24058
-6.21393
-6.15846
-6.07602
-5.97744
-5.88222
-5.79773
-5.74154
-5.72582
-5.75224
-5.80783
-5.87819
-5.94266
-6.0008
-6.04396
-6.07057
-6.08555
-6.08675
-6.07717
-6.05723
-6.03882
-6.02331
-6.01441
-6.00972
-6.00979
-6.00798
-6.00865
-6.01173
-6.01987
-6.03571
-6.05827
-6.07861
-6.09924
-6.11729
-6.12785
-6.13764
-6.14216
-6.14436
-6.13665
-6.12132
-6.10227
-6.08888
-6.08267
-6.08356
-6.08102
-6.07677
-6.06355
-6.04523
-6.02643
-6.00568
-5.98386
-5.96081
-5.94398
-5.93417
-5.93675
-5.95498
-5.97998
-6.00559
-6.02874
-6.05344
-6.078
-6.10098
-6.119
-6.12513
-6.11587
-6.09508
-6.06657
-6.0374
-6.01745
-6.00343
-5.99323
-5.98847
-5.98514
-5.98152
-5.98055
-5.9838
-5.98769
-5.98959
-5.98895
-5.98687
-5.9829
-5.98098
-5.98148
-5.98041
-5.98027
-5.97984
-5.98194
-5.9842
-5.99177
-6.00551
-6.02841
-6.05506
-6.07809
-6.10047
-6.11479
-6.12312
-6.12759
-6.13046
-6.13442
