1   0.0492899   0.0492899   0
2   0.0489459   0.0491179   0.000171981
3   0.0491565   0.0491308   0.000100125
4   0.0490729   0.0491163   7.22625e-05
5   0.0490909   0.0491112   5.62049e-05
6   0.0491947   0.0491251   4.79514e-05
7   0.0490282   0.0491113   4.28266e-05
8   0.0488627   0.0490802   4.83902e-05
9   0.0493693   0.0491123   5.34155e-05
10   0.0490197   0.0491031   4.86653e-05
11   0.0488575   0.0490808   4.93587e-05
12   0.0490246   0.0490761   4.53001e-05
13   0.0492512   0.0490895   4.37923e-05
14   0.0487774   0.0490672   4.62703e-05
15   0.0489949   0.0490624   4.33448e-05
16   0.0488443   0.0490488   4.27759e-05
17   0.0490355   0.049048   4.01886e-05
18   0.0489963   0.0490451   3.7999e-05
19   0.0490376   0.0490447   3.59456e-05
20   0.0490023   0.0490426   3.41669e-05
21   0.0491902   0.0490496   3.32506e-05
22   0.049105   0.0490522   3.18027e-05
23   0.0489672   0.0490485   3.06123e-05
24   0.0490654   0.0490492   2.93176e-05
25   0.049114   0.0490518   2.82398e-05
26   0.0491685   0.0490563   2.7501e-05
27   0.0490736   0.0490569   2.64707e-05
28   0.049185   0.0490615   2.59147e-05
29   0.0488394   0.0490538   2.61511e-05
30   0.0491616   0.0490574   2.55183e-05
31   0.0489968   0.0490555   2.47587e-05
32   0.0488631   0.0490494   2.47144e-05
33   0.0487435   0.0490402   2.5685e-05
34   0.048983   0.0490385   2.49748e-05
35   0.0490982   0.0490402   2.43107e-05
36   0.0490092   0.0490393   2.36414e-05
37   0.0489086   0.0490358   2.32635e-05
38   0.0490352   0.0490358   2.2643e-05
39   0.04874   0.0490282   2.33227e-05
40   0.0489166   0.0490254   2.29027e-05
41   0.0488662   0.0490215   2.26719e-05
42   0.0490252   0.0490216   2.21257e-05
43   0.0493386   0.049029   2.28283e-05
44   0.0489184   0.0490265   2.24447e-05
45   0.0488807   0.0490232   2.21782e-05
46   0.0487174   0.0490166   2.26871e-05
47   0.0487622   0.0490112   2.28494e-05
48   0.0490419   0.0490118   2.23775e-05
49   0.0489651   0.0490109   2.19368e-05
50   0.0488864   0.0490084   2.16371e-05
51   0.0489987   0.0490082   2.12095e-05
52   0.0489051   0.0490062   2.08919e-05
53   0.0489559   0.0490053   2.05159e-05
54   0.0491107   0.0490072   2.02268e-05
55   0.0491492   0.0490098   2.00228e-05
56   0.0490231   0.04901   1.96634e-05
57   0.0490804   0.0490113   1.93548e-05
58   0.0491915   0.0490144   1.92705e-05
59   0.0488668   0.0490119   1.91055e-05
60   0.0490043   0.0490117   1.87848e-05
61   0.0491301   0.0490137   1.85758e-05
62   0.0490337   0.049014   1.82766e-05
63   0.0493341   0.0490191   1.86881e-05
64   0.0492644   0.0490229   1.87889e-05
65   0.0489817   0.0490223   1.85085e-05
66   0.0491359   0.049024   1.8307e-05
67   0.0489503   0.0490229   1.80652e-05
68   0.0493346   0.0490275   1.83783e-05
69   0.0494329   0.0490334   1.90391e-05
70   0.049019   0.0490332   1.87663e-05
71   0.0491516   0.0490348   1.85751e-05
72   0.0491416   0.0490363   1.83752e-05
73   0.0487911   0.0490329   1.84305e-05
74   0.0490772   0.0490335   1.81896e-05
75   0.0492341   0.0490362   1.81435e-05
76   0.0488398   0.0490336   1.80888e-05
77   0.0490882   0.0490343   1.78664e-05
78   0.0490317   0.0490343   1.76359e-05
79   0.0490051   0.0490339   1.74151e-05
80   0.0490313   0.0490339   1.71961e-05
81   0.0492015   0.049036   1.7108e-05
82   0.0487666   0.0490327   1.72146e-05
83   0.04897   0.0490319   1.70227e-05
84   0.0488566   0.0490298   1.69478e-05
85   0.0492172   0.0490321   1.68916e-05
86   0.0490812   0.0490326   1.67038e-05
87   0.0489951   0.0490322   1.65163e-05
88   0.048889   0.0490306   1.64084e-05
89   0.0492857   0.0490334   1.64743e-05
90   0.0489313   0.0490323   1.63297e-05
91   0.0490672   0.0490327   1.61538e-05
92   0.0492496   0.049035   1.61502e-05
93   0.0490199   0.0490349   1.59765e-05
94   0.0489285   0.0490337   1.58461e-05
95   0.0489557   0.0490329   1.56999e-05
96   0.0493203   0.0490359   1.58213e-05
97   0.0491495   0.0490371   1.5701e-05
98   0.0488905   0.0490356   1.56118e-05
99   0.0489147   0.0490344   1.55014e-05
100   0.0491671   0.0490357   1.5403e-05
