100   0   0.064633   0   0
100   0.064633   0.129266   0   0
100   0.129266   0.193899   0   0
100   0.193899   0.258532   0   0
100   0.258532   0.323165   0   0
100   0.323165   0.387798   0   0
100   0.387798   0.452431   0   0
100   0.452431   0.517064   0   0
100   0.517064   0.581697   0   0
100   0.581697   0.64633   0   0
100   0.64633   0.710963   0   0
100   0.710963   0.775596   0   0
100   0.775596   0.84023   0   0
100   0.84023   0.904863   0.000944721   4.17527e-05
100   0.904863   0.969496   0.147775   0.000511747
100   0.969496   1.03413   1.06576   0.00136617
100   1.03413   1.09876   2.04058   0.00226195
100   1.09876   1.16339   2.26698   0.00237559
100   1.16339   1.22803   2.08674   0.00222644
100   1.22803   1.29266   1.83234   0.00159045
100   1.29266   1.35729   1.61741   0.0014997
100   1.35729   1.42193   1.45409   0.00130992
100   1.42193   1.48656   1.33443   0.00117227
100   1.48656   1.55119   1.24912   0.000982859
100   1.55119   1.61583   1.18711   0.00102262
100   1.61583   1.68046   1.14497   0.00101556
100   1.68046   1.74509   1.11079   0.000805705
100   1.74509   1.80973   1.08905   0.000854091
100   1.80973   1.87436   1.07392   0.000912167
100   1.87436   1.93899   1.06478   0.000738321
100   1.93899   2.00362   1.05963   0.000732845
100   2.00362   2.06826   1.05669   0.000729835
100   2.06826   2.13289   1.054   0.000679446
100   2.13289   2.19752   1.05162   0.000622545
100   2.19752   2.26216   1.04866   0.000638409
100   2.26216   2.32679   1.0421   0.000610556
100   2.32679   2.39142   1.03653   0.000634575
100   2.39142   2.45606   1.03272   0.000594705
100   2.45606   2.52069   1.02547   0.000497239
100   2.52069   2.58532   1.02168   0.000484673
100   2.58532   2.64995   1.01679   0.000557705
100   2.64995   2.71459   1.01347   0.000492134
100   2.71459   2.77922   1.01042   0.000460089
100   2.77922   2.84385   1.00775   0.000591414
100   2.84385   2.90849   1.00521   0.000447646
100   2.90849   2.97312   1.00299   0.000485712
100   2.97312   3.03775   1.00045   0.000486115
100   3.03775   3.10239   1.00022   0.000415737
100   3.10239   3.16702   0.998316   0.000471297
100   3.16702   3.23165   0.997322   0.000455467
100   3.23165   3.29629   0.996715   0.000401177
100   3.29629   3.36092   0.995545   0.000394823
100   3.36092   3.42555   0.994842   0.000402286
100   3.42555   3.49018   0.993399   0.000402122
100   3.49018   3.55482   0.993356   0.000336202
100   3.55482   3.61945   0.992087   0.000393907
100   3.61945   3.68408   0.992358   0.000376281
100   3.68408   3.74872   0.991362   0.000323526
100   3.74872   3.81335   0.990927   0.000375419
100   3.81335   3.87798   0.990191   0.000356899
100   3.87798   3.94262   0.990147   0.000301824
100   3.94262   4.00725   0.989394   0.000343868
100   4.00725   4.07188   0.98882   0.000312319
100   4.07188   4.13651   0.988571   0.000322385
100   4.13651   4.20115   0.988885   0.000313845
100   4.20115   4.26578   0.988801   0.000356459
100   4.26578   4.33041   0.988243   0.00033605
100   4.33041   4.39505   0.988091   0.000311169
100   4.39505   4.45968   0.987606   0.000288211
100   4.45968   4.52431   0.987424   0.00027055
100   4.52431   4.58895   0.987542   0.000272792
100   4.58895   4.65358   0.987679   0.000259304
100   4.65358   4.71821   0.986781   0.000288911
100   4.71821   4.78285   0.987107   0.000235252
100   4.78285   4.84748   0.986982   0.000228859
100   4.84748   4.91211   0.986745   0.000286481
100   4.91211   4.97674   0.986727   0.000262791
100   4.97674   5.04138   0.986478   0.000242164
100   5.04138   5.10601   0.986863   0.000237983
100   5.10601   5.17064   0.986176   0.000261925
100   5.17064   5.23528   0.986045   0.000266063
100   5.23528   5.29991   0.986586   0.000239275
100   5.29991   5.36454   0.98661   0.000205785
100   5.36454   5.42918   0.986258   0.000230306
100   5.42918   5.49381   0.986143   0.000242715
100   5.49381   5.55844   0.986336   0.000248698
100   5.55844   5.62307   0.985961   0.000242708
100   5.62307   5.68771   0.986021   0.000224013
100   5.68771   5.75234   0.986237   0.00022794
100   5.75234   5.81697   0.986354   0.000209408
100   5.81697   5.88161   0.986058   0.000245886
100   5.88161   5.94624   0.986171   0.000219394
100   5.94624   6.01087   0.986282   0.000227343
100   6.01087   6.07551   0.986032   0.000206567
100   6.07551   6.14014   0.985778   0.000216277
100   6.14014   6.20477   0.985729   0.000210134
100   6.20477   6.2694   0.98588   0.000187257
100   6.2694   6.33404   0.985771   0.000216205
100   6.33404   6.39867   0.985731   0.000200805
100   6.39867   6.4633   0.986002   0.000201877
