1   -0.416183   -0.416183   0
2   -0.41342   -0.414801   0.00138153
3   -0.416727   -0.415443   0.0010239
4   -0.414879   -0.415302   0.000737611
5   -0.41479   -0.4152   0.000580459
6   -0.412196   -0.414699   0.000689362
7   -0.413364   -0.414509   0.000613042
8   -0.41479   -0.414544   0.000532073
9   -0.413786   -0.41446   0.000476742
10   -0.414656   -0.414479   0.000426861
11   -0.413064   -0.41435   0.000406969
12   -0.414984   -0.414403   0.000375247
13   -0.411516   -0.414181   0.000410458
14   -0.415932   -0.414306   0.000400066
15   -0.415546   -0.414389   0.000381504
16   -0.414536   -0.414398   0.000356984
17   -0.411848   -0.414248   0.000367353
18   -0.413928   -0.41423   0.000346801
19   -0.413591   -0.414197   0.000329764
20   -0.41537   -0.414255   0.000318295
21   -0.417083   -0.41439   0.000331345
22   -0.413215   -0.414337   0.000320409
23   -0.412704   -0.414266   0.000314278
24   -0.413011   -0.414213   0.000305405
25   -0.413128   -0.41417   0.000296135
26   -0.414886   -0.414197   0.000285847
27   -0.412609   -0.414139   0.000281278
28   -0.414024   -0.414135   0.000271077
29   -0.415721   -0.414189   0.000267219
30   -0.41265   -0.414138   0.000263209
31   -0.414983   -0.414165   0.000256031
32   -0.415057   -0.414193   0.000249464
33   -0.417239   -0.414285   0.00025881
34   -0.412577   -0.414235   0.000256062
35   -0.411368   -0.414153   0.000261786
36   -0.413802   -0.414143   0.000254597
37   -0.41203   -0.414086   0.000254122
38   -0.413678   -0.414076   0.000247577
39   -0.417668   -0.414168   0.000258136
40   -0.416107   -0.414216   0.000256231
41   -0.414787   -0.41423   0.000250291
42   -0.415579   -0.414262   0.00024636
43   -0.413765   -0.414251   0.00024084
44   -0.414323   -0.414252   0.000235309
45   -0.416796   -0.414309   0.000236862
46   -0.416952   -0.414366   0.000238676
47   -0.41284   -0.414334   0.000235789
48   -0.413908   -0.414325   0.000230995
49   -0.415122   -0.414341   0.000226816
50   -0.413788   -0.41433   0.000222508
51   -0.414267   -0.414329   0.000218105
52   -0.41388   -0.41432   0.000214044
53   -0.414725   -0.414328   0.000210106
54   -0.413994   -0.414322   0.000206271
55   -0.412796   -0.414294   0.000204378
56   -0.412884   -0.414269   0.000202269
57   -0.413735   -0.414259   0.000198909
58   -0.414371   -0.414261   0.000195459
59   -0.416169   -0.414294   0.000194819
60   -0.413572   -0.414282   0.000191922
61   -0.416759   -0.414322   0.000193069
62   -0.413328   -0.414306   0.000190604
63   -0.414074   -0.414303   0.000187591
64   -0.41271   -0.414278   0.000186306
65   -0.412508   -0.41425   0.000185427
66   -0.414156   -0.414249   0.000182601
67   -0.414502   -0.414253   0.000179895
68   -0.414752   -0.41426   0.000177381
69   -0.413883   -0.414255   0.000174877
70   -0.417411   -0.4143   0.00017816
71   -0.414336   -0.4143   0.000175634
72   -0.411422   -0.41426   0.000177731
73   -0.417036   -0.414298   0.000179357
74   -0.414828   -0.414305   0.000177061
75   -0.413567   -0.414296   0.000174961
76   -0.414909   -0.414304   0.000172832
77   -0.414781   -0.41431   0.000170685
78   -0.412629   -0.414288   0.000169855
79   -0.413751   -0.414282   0.000167829
80   -0.410345   -0.414232   0.000172871
81   -0.417406   -0.414271   0.000175162
82   -0.415771   -0.41429   0.000173975
83   -0.412575   -0.414269   0.000173104
84   -0.412577   -0.414249   0.000172213
85   -0.413507   -0.41424   0.000170399
86   -0.413789   -0.414235   0.000168488
87   -0.412846   -0.414219   0.000167303
88   -0.414288   -0.41422   0.000165393
89   -0.413709   -0.414214   0.000163625
90   -0.416365   -0.414238   0.000163552
91   -0.4153   -0.41425   0.000162166
92   -0.414033   -0.414247   0.000160411
93   -0.412588   -0.414229   0.000159677
94   -0.414635   -0.414234   0.000158028
95   -0.412029   -0.414211   0.000158069
96   -0.413847   -0.414207   0.000156459
97   -0.414669   -0.414212   0.000154911
98   -0.413942   -0.414209   0.000153347
99   -0.412691   -0.414193   0.000152563
100   -0.414767   -0.414199   0.000151138
