200   0   0.0256496   0   0
200   0.0256496   0.0512993   0   0
200   0.0512993   0.0769489   0   0
200   0.0769489   0.102599   0   0
200   0.102599   0.128248   0   0
200   0.128248   0.153898   0   0
200   0.153898   0.179547   0   0
200   0.179547   0.205197   0   0
200   0.205197   0.230847   0   0
200   0.230847   0.256496   0   0
200   0.256496   0.282146   0   0
200   0.282146   0.307796   0   0
200   0.307796   0.333445   0   0
200   0.333445   0.359095   0   0
200   0.359095   0.384745   0   0
200   0.384745   0.410394   0   0
200   0.410394   0.436044   0   0
200   0.436044   0.461694   0   0
200   0.461694   0.487343   0   0
200   0.487343   0.512993   0   0
200   0.512993   0.538642   0   0
200   0.538642   0.564292   0   0
200   0.564292   0.589942   0   0
200   0.589942   0.615591   0   0
200   0.615591   0.641241   0   0
200   0.641241   0.666891   0   0
200   0.666891   0.69254   0   0
200   0.69254   0.71819   0   0
200   0.71819   0.74384   0   0
200   0.74384   0.769489   0   0
200   0.769489   0.795139   0   0
200   0.795139   0.820788   0   0
200   0.820788   0.846438   0   0
200   0.846438   0.872088   1.49783e-05   2.65498e-06
200   0.872088   0.897737   0.00127745   2.25786e-05
200   0.897737   0.923387   0.0243601   0.00011493
200   0.923387   0.949037   0.165286   0.000349971
200   0.949037   0.974686   0.564649   0.000773147
200   0.974686   1.00034   1.20347   0.00119389
200   1.00034   1.02599   1.86441   0.00132013
200   1.02599   1.05164   2.33876   0.00119979
200   1.05164   1.07728   2.55384   0.00102396
200   1.07728   1.10293   2.54858   0.000945753
200   1.10293   1.12858   2.40856   0.000945675
200   1.12858   1.15423   2.19715   0.000948
200   1.15423   1.17988   1.97084   0.000964084
200   1.17988   1.20553   1.75343   0.000990963
200   1.20553   1.23118   1.55772   0.000919062
200   1.23118   1.25683   1.38801   0.000849911
200   1.25683   1.28248   1.2434   0.000782044
200   1.28248   1.30813   1.12372   0.000777924
200   1.30813   1.33378   1.02311   0.000687137
200   1.33378   1.35943   0.940737   0.000582266
200   1.35943   1.38508   0.872414   0.000563358
200   1.38508   1.41073   0.817458   0.000517569
200   1.41073   1.43638   0.772504   0.000455942
200   1.43638   1.46203   0.738175   0.000516926
200   1.46203   1.48768   0.710788   0.000525109
200   1.48768   1.51333   0.691921   0.000488489
200   1.51333   1.53898   0.678566   0.000498767
200   1.53898   1.56463   0.672054   0.000505073
200   1.56463   1.59028   0.670911   0.000473771
200   1.59028   1.61593   0.676632   0.00046831
200   1.61593   1.64158   0.687215   0.000455789
200   1.64158   1.66723   0.702701   0.000434696
200   1.66723   1.69288   0.723899   0.000456286
200   1.69288   1.71853   0.749571   0.000504969
200   1.71853   1.74418   0.780783   0.000430347
200   1.74418   1.76983   0.815593   0.000485931
200   1.76983   1.79547   0.85383   0.000522056
200   1.79547   1.82112   0.894957   0.000539747
200   1.82112   1.84677   0.936514   0.000514783
200   1.84677   1.87242   0.977963   0.0005377
200   1.87242   1.89807   1.01897   0.000532238
200   1.89807   1.92372   1.05841   0.000487141
200   1.92372   1.94937   1.0959   0.000457925
200   1.94937   1.97502   1.13075   0.000484443
200   1.97502   2.00067   1.16101   0.000457473
200   2.00067   2.02632   1.18572   0.000389722
200   2.02632   2.05197   1.20375   0.000438691
200   2.05197   2.07762   1.21332   0.0004375
200   2.07762   2.10327   1.2151   0.000429699
200   2.10327   2.12892   1.20812   0.000482746
200   2.12892   2.15457   1.19387   0.000467577
200   2.15457   2.18022   1.17444   0.000454323
200   2.18022   2.20587   1.14969   0.000503147
200   2.20587   2.23152   1.12222   0.000492599
200   2.23152   2.25717   1.09455   0.000496877
200   2.25717   2.28282   1.06594   0.000466755
200   2.28282   2.30847   1.03837   0.000489629
200   2.30847   2.33412   1.01181   0.000461379
200   2.33412   2.35977   0.988121   0.00042767
200   2.35977   2.38542   0.966253   0.000413588
200   2.38542   2.41107   0.947106   0.000398904
200   2.41107   2.43672   0.931875   0.000346724
200   2.43672   2.46237   0.918568   0.000372431
200   2.46237   2.48802   0.908933   0.000368116
200   2.48802   2.51366   0.895162   0.000369969
200   2.51366   2.53931   0.88569   0.000374513
200   2.53931   2.56496   0.885742   0.000359677
