1   -5.47541   -5.47541   0
2   -5.45175   -5.46358   0.0118287
3   -5.45684   -5.46134   0.00718955
4   -5.46382   -5.46196   0.00512142
5   -5.44232   -5.45803   0.00558159
6   -5.46879   -5.45982   0.00489735
7   -5.47021   -5.46131   0.00439711
8   -5.47659   -5.46322   0.00426041
9   -5.47634   -5.46467   0.00403012
10   -5.45547   -5.46375   0.00372032
11   -5.47587   -5.46486   0.00354079
12   -5.45749   -5.46424   0.00329
13   -5.46733   -5.46448   0.00303568
14   -5.46582   -5.46458   0.00281213
15   -5.45415   -5.46388   0.00270865
16   -5.47994   -5.46488   0.00272533
17   -5.45985   -5.46459   0.00257705
18   -5.4649   -5.46461   0.00242973
19   -5.43293   -5.46294   0.00283934
20   -5.4676   -5.46317   0.0027037
21   -5.4692   -5.46346   0.00258772
22   -5.44206   -5.46249   0.00265215
23   -5.44896   -5.4619   0.00260156
24   -5.45796   -5.46173   0.00249622
25   -5.48237   -5.46256   0.00253264
26   -5.45713   -5.46235   0.00244222
27   -5.46643   -5.4625   0.00235487
28   -5.46676   -5.46265   0.00227429
29   -5.47645   -5.46313   0.00224547
30   -5.45963   -5.46301   0.00217246
31   -5.46117   -5.46295   0.00210206
32   -5.48306   -5.46358   0.00213012
33   -5.45871   -5.46343   0.00206983
34   -5.46387   -5.46345   0.00200807
35   -5.4505   -5.46308   0.00198461
36   -5.43952   -5.46242   0.00203672
37   -5.46287   -5.46244   0.00198094
38   -5.45056   -5.46212   0.00195328
39   -5.45629   -5.46197   0.00190841
40   -5.47761   -5.46236   0.00190073
41   -5.44623   -5.46197   0.0018951
42   -5.47517   -5.46228   0.00187592
43   -5.47355   -5.46255   0.00185041
44   -5.44766   -5.46221   0.00183926
45   -5.4565   -5.46208   0.00180239
46   -5.46694   -5.46219   0.00176593
47   -5.46094   -5.46216   0.00172815
48   -5.46928   -5.46231   0.00169826
49   -5.4671   -5.46241   0.00166611
50   -5.47543   -5.46267   0.00165309
51   -5.47186   -5.46285   0.00163035
52   -5.46487   -5.46289   0.00159916
53   -5.46584   -5.46294   0.00156969
54   -5.46343   -5.46295   0.00154037
55   -5.4657   -5.463   0.00151294
56   -5.47101   -5.46314   0.00149254
57   -5.46189   -5.46312   0.00146629
58   -5.45521   -5.46299   0.00144723
59   -5.45312   -5.46282   0.00143228
60   -5.46554   -5.46286   0.00140893
61   -5.45564   -5.46275   0.00139069
62   -5.45417   -5.46261   0.00137506
63   -5.49311   -5.46309   0.00143707
64   -5.48535   -5.46344   0.00145659
65   -5.46959   -5.46353   0.00143712
66   -5.46557   -5.46356   0.00141551
67   -5.46707   -5.46362   0.0013952
68   -5.46364   -5.46362   0.00137453
69   -5.47076   -5.46372   0.00135841
70   -5.45881   -5.46365   0.0013407
71   -5.48403   -5.46394   0.0013525
72   -5.44736   -5.46371   0.0013533
73   -5.4427   -5.46342   0.00136532
74   -5.47817   -5.46362   0.00136142
75   -5.43643   -5.46326   0.00139121
76   -5.46526   -5.46328   0.00137303
77   -5.45451   -5.46317   0.00135987
78   -5.45863   -5.46311   0.00134358
79   -5.46027   -5.46307   0.00132695
80   -5.48025   -5.46329   0.00132773
81   -5.48985   -5.46362   0.00135163
82   -5.48677   -5.4639   0.00136458
83   -5.48095   -5.46411   0.00136359
84   -5.45153   -5.46396   0.00135556
85   -5.4549   -5.46385   0.00134374
86   -5.45786   -5.46378   0.00132985
87   -5.46082   -5.46375   0.00131491
88   -5.47305   -5.46385   0.00130418
89   -5.46133   -5.46382   0.00128976
90   -5.45932   -5.46377   0.00127633
91   -5.45891   -5.46372   0.00126335
92   -5.4596   -5.46367   0.00125034
93   -5.44774   -5.4635   0.00124864
94   -5.45518   -5.46341   0.00123845
95   -5.47813   -5.46357   0.00123509
96   -5.45053   -5.46343   0.00122968
97   -5.4766   -5.46357   0.00122449
98   -5.46719   -5.46361   0.00121249
99   -5.44998   -5.46347   0.00120805
100   -5.44016   -5.46324   0.0012184
101   -5.49536   -5.46355   0.0012475
102   -5.48167   -5.46373   0.00124792
103   -5.44169   -5.46352   0.00125414
104   -5.47103   -5.46359   0.00124412
105   -5.45417   -5.4635   0.00123547
106   -5.46344   -5.4635   0.00122376
107   -5.4559   -5.46343   0.00121435
108   -5.46001   -5.4634   0.00120347
109   -5.46591   -5.46342   0.0011926
110   -5.45723   -5.46336   0.00118305
111   -5.44642   -5.46321   0.00118224
112   -5.45763   -5.46316   0.0011727
113   -5.47196   -5.46324   0.00116488
114   -5.45825   -5.4632   0.00115544
115   -5.4618   -5.46318   0.00114542
116   -5.4486   -5.46306   0.00114244
117   -5.46598   -5.46308   0.00113291
118   -5.46351   -5.46309   0.00112327
119   -5.459   -5.46305   0.00111432
120   -5.46434   -5.46306   0.00110505
121   -5.46294   -5.46306   0.00109588
122   -5.4573   -5.46301   0.00108788
123   -5.46454   -5.46303   0.00107907
124   -5.47703   -5.46314   0.00107628
125   -5.46971   -5.46319   0.00106893
126   -5.47289   -5.46327   0.0010632
127   -5.46045   -5.46325   0.00105503
128   -5.48479   -5.46341   0.0010602
129   -5.47004   -5.46347   0.00105321
130   -5.46805   -5.4635   0.00104567
131   -5.45951   -5.46347   0.0010381
132   -5.44202   -5.46331   0.00104295
133   -5.4667   -5.46333   0.00103539
134   -5.46012   -5.46331   0.00102791
135   -5.48521   -5.46347   0.00103309
136   -5.45988   -5.46345   0.0010258
137   -5.44797   -5.46333   0.00102453
138   -5.46008   -5.46331   0.00101735
139   -5.47962   -5.46343   0.0010168
140   -5.47774   -5.46353   0.00101468
141   -5.47502   -5.46361   0.00101074
142   -5.45928   -5.46358   0.00100406
143   -5.47304   -5.46365   0.000999212
144   -5.45758   -5.4636   0.000993143
145   -5.46295   -5.4636   0.00098628
146   -5.46687   -5.46362   0.000979758
147   -5.46182   -5.46361   0.000973147
148   -5.45857   -5.46358   0.000967148
149   -5.45439   -5.46351   0.000962611
150   -5.45749   -5.46347   0.000957017
151   -5.45573   -5.46342   0.000952041
152   -5.46061   -5.4634   0.000945938
153   -5.46421   -5.46341   0.000939749
154   -5.44649   -5.4633   0.000940068
155   -5.46015   -5.46328   0.000934204
156   -5.44169   -5.46314   0.000938456
157   -5.45453   -5.46309   0.000934071
158   -5.45032   -5.46301   0.000931649
159   -5.47279   -5.46307   0.000927816
160   -5.45919   -5.46304   0.000922317
161   -5.46015   -5.46302   0.000916747
162   -5.44564   -5.46292   0.000917365
163   -5.45253   -5.46285   0.000913942
164   -5.46341   -5.46286   0.000908359
165   -5.44976   -5.46278   0.000906317
166   -5.45093   -5.46271   0.000903664
167   -5.48186   -5.46282   0.00090553
168   -5.47513   -5.46289   0.000903103
169   -5.4605   -5.46288   0.000897855
170   -5.45406   -5.46283   0.000894063
171   -5.46179   -5.46282   0.00088884
172   -5.49983   -5.46304   0.000909479
173   -5.47186   -5.46309   0.000905644
174   -5.4757   -5.46316   0.000903336
175   -5.46048   -5.46315   0.000898289
176   -5.47962   -5.46324   0.000898063
177   -5.47471   -5.4633   0.000895322
178   -5.48037   -5.4634   0.000895427
179   -5.46259   -5.4634   0.000890422
180   -5.46204   -5.46339   0.000885494
181   -5.45662   -5.46335   0.000881381
182   -5.45623   -5.46331   0.000877397
183   -5.46084   -5.4633   0.000872694
184   -5.4583   -5.46327   0.000868363
185   -5.4584   -5.46324   0.000864058
186   -5.46468   -5.46325   0.000859435
187   -5.43793   -5.46312   0.000865488
188   -5.44567   -5.46302   0.00086586
189   -5.45063   -5.46296   0.00086376
190   -5.46161   -5.46295   0.000859231
191   -5.45315   -5.4629   0.000856258
192   -5.47744   -5.46298   0.000855146
193   -5.45004   -5.46291   0.000853341
194   -5.45536   -5.46287   0.000849822
195   -5.47791   -5.46295   0.000848964
196   -5.45947   -5.46293   0.000844807
197   -5.44884   -5.46286   0.000843546
198   -5.46088   -5.46285   0.000839334
199   -5.47177   -5.46289   0.000836308
200   -5.46332   -5.46289   0.000832119
