1   1.33216   1.33216   0
2   1.45255   1.39236   0.0601992
3   1.42476   1.40316   0.0363954
4   1.39574   1.4013   0.0258021
5   1.51845   1.42473   0.0307958
6   1.37673   1.41673   0.0263869
7   1.3615   1.40884   0.0236556
8   1.34391   1.40072   0.0220356
9   1.321   1.39187   0.0213574
10   1.47018   1.3997   0.0206457
11   1.32635   1.39303   0.0198295
12   1.3878   1.39259   0.018107
13   1.37236   1.39104   0.0167286
14   1.38059   1.39029   0.0155056
15   1.46393   1.3952   0.015247
16   1.29599   1.389   0.0155519
17   1.41122   1.39031   0.0146668
18   1.40461   1.3911   0.0138508
19   1.54935   1.39943   0.015525
20   1.37588   1.39825   0.0147753
21   1.34621   1.39577   0.014271
22   1.51485   1.40119   0.0146439
23   1.45649   1.40359   0.0141979
24   1.44583   1.40535   0.0137069
25   1.29468   1.40093   0.0138725
26   1.42706   1.40193   0.0133661
27   1.37032   1.40076   0.0129147
28   1.34771   1.39886   0.0125883
29   1.30968   1.39579   0.0125297
30   1.4074   1.39618   0.012111
31   1.40449   1.39644   0.0117169
32   1.29574   1.3933   0.0117732
33   1.4133   1.3939   0.011427
34   1.37291   1.39329   0.011103
35   1.47465   1.39561   0.0110289
36   1.5141   1.3989   0.0112121
37   1.39631   1.39883   0.0109051
38   1.45605   1.40034   0.0107205
39   1.42277   1.40091   0.0104578
40   1.34729   1.39957   0.0102808
41   1.50391   1.40212   0.0103448
42   1.34481   1.40075   0.0101873
43   1.34316   1.39941   0.0100374
44   1.47177   1.40106   0.00994353
45   1.44102   1.40195   0.00976052
46   1.37754   1.40142   0.00956071
47   1.40089   1.4014   0.00935509
48   1.37658   1.40089   0.00917271
49   1.37672   1.40039   0.00899708
50   1.31254   1.39864   0.00898871
51   1.35679   1.39782   0.00884882
52   1.36523   1.39719   0.00869958
53   1.39768   1.3972   0.00853386
54   1.43659   1.39793   0.00840605
55   1.38938   1.39777   0.00825327
56   1.33967   1.39674   0.0081707
57   1.4096   1.39696   0.00802925
58   1.44704   1.39782   0.0079367
59   1.44542   1.39863   0.00784262
60   1.39967   1.39865   0.00771082
61   1.4413   1.39935   0.00761552
62   1.43442   1.39991   0.00751301
63   1.26252   1.39773   0.00770777
64   1.28906   1.39603   0.00777409
65   1.39024   1.39595   0.00765408
66   1.41891   1.39629   0.00754524
67   1.37718   1.39601   0.00743724
68   1.40824   1.39619   0.00732926
69   1.36932   1.3958   0.00723275
70   1.43739   1.39639   0.0071534
71   1.31318   1.39522   0.00714865
72   1.47814   1.39637   0.00714212
73   1.49324   1.3977   0.00716752
74   1.31668   1.3966   0.00715427
75   1.51835   1.39823   0.0072425
76   1.37764   1.39796   0.0071517
77   1.43533   1.39844   0.00707488
78   1.43258   1.39888   0.00699728
79   1.41846   1.39913   0.00691259
80   1.33642   1.39834   0.00687049
81   1.26294   1.39667   0.00698802
82   1.29192   1.39539   0.00701949
83   1.33149   1.39462   0.00697701
84   1.49498   1.39582   0.00699621
85   1.42816   1.3962   0.00692388
86   1.40601   1.39631   0.00684384
87   1.46576   1.39711   0.00681165
88   1.36022   1.39669   0.00674683
89   1.39138   1.39663   0.00667086
90   1.43764   1.39709   0.00661205
91   1.43838   1.39754   0.00655471
92   1.42325   1.39782   0.00648909
93   1.45651   1.39845   0.00644988
94   1.41645   1.39864   0.00638377
95   1.32074   1.39782   0.00636923
96   1.4506   1.39837   0.00632646
97   1.32897   1.39766   0.00630165
98   1.36315   1.39731   0.00624695
99   1.44009   1.39774   0.00619861
100   1.52906   1.39905   0.00627526
101   1.25162   1.39759   0.00638201
102   1.29039   1.39654   0.00640594
103   1.51648   1.39771   0.00644944
104   1.35003   1.39725   0.00640355
105   1.47445   1.39798   0.00638475
106   1.39342   1.39794   0.00632438
107   1.43153   1.39825   0.00627285
108   1.41529   1.39841   0.0062165
109   1.3738   1.39819   0.00616334
110   1.4422   1.39859   0.00612015
111   1.47414   1.39927   0.00610284
112   1.45487   1.39976   0.00606845
113   1.34135   1.39925   0.00603668
114   1.41375   1.39937   0.00598484
115   1.42534   1.3996   0.00593687
116   1.48039   1.4003   0.00592653
117   1.45714   1.40078   0.00589571
118   1.39812   1.40076   0.00584558
119   1.45212   1.40119   0.00581229
120   1.40054   1.40118   0.00576366
121   1.41539   1.4013   0.00571703
122   1.44575   1.40167   0.00568167
123   1.38183   1.4015   0.00563759
124   1.33317   1.40095   0.00561904
125   1.36518   1.40067   0.00558125
126   1.34321   1.40021   0.00555552
127   1.43143   1.40046   0.00551708
128   1.29625   1.39964   0.00553402
129   1.37107   1.39942   0.00549542
130   1.34938   1.39904   0.00546655
131   1.45964   1.3995   0.00544435
132   1.51286   1.40036   0.00547077
133   1.39162   1.40029   0.00542988
134   1.4161   1.40041   0.0053905
135   1.29126   1.3996   0.00541116
136   1.40843   1.39967   0.00537162
137   1.50568   1.40044   0.00538812
138   1.39008   1.40037   0.00534946
139   1.28004   1.3995   0.00538092
140   1.32714   1.39898   0.00536729
141   1.33456   1.39853   0.00534864
142   1.44199   1.39883   0.00531966
143   1.36455   1.39859   0.00528776
144   1.39809   1.39859   0.00525092
145   1.411   1.39867   0.00521528
146   1.37381   1.3985   0.00518224
147   1.39693   1.39849   0.00514687
148   1.43982   1.39877   0.0051196
149   1.46363   1.39921   0.00510372
150   1.42679   1.39939   0.00507292
151   1.4503   1.39973   0.00505047
152   1.39023   1.39967   0.00501753
153   1.40124   1.39968   0.00498463
154   1.4792   1.40019   0.00497901
155   1.43405   1.40041   0.00495161
156   1.49968   1.40105   0.00496074
157   1.42316   1.40119   0.00493106
158   1.4248   1.40134   0.00490203
159   1.35688   1.40106   0.00487912
160   1.42167   1.40119   0.00485024
161   1.44204   1.40144   0.00482669
162   1.48174   1.40194   0.00482234
163   1.44482   1.4022   0.00479988
164   1.39048   1.40213   0.00477106
165   1.49292   1.40268   0.00477387
166   1.48064   1.40315   0.00476822
167   1.31029   1.40259   0.00477208
168   1.35281   1.4023   0.00475284
169   1.41464   1.40237   0.0047252
170   1.44534   1.40262   0.00470412
171   1.40215   1.40262   0.00467653
172   1.24386   1.4017   0.00474
173   1.36652   1.40149   0.00471691
174   1.35385   1.40122   0.00469771
175   1.44797   1.40149   0.00467842
176   1.31257   1.40098   0.00467912
177   1.37421   1.40083   0.00465506
178   1.34105   1.40049   0.004641
179   1.38639   1.40042   0.00461568
180   1.42316   1.40054   0.0045917
181   1.43422   1.40073   0.00457005
182   1.43428   1.40091   0.00454861
183   1.40541   1.40094   0.00452375
184   1.43459   1.40112   0.00450282
185   1.42735   1.40126   0.00448065
186   1.37953   1.40114   0.00445803
187   1.51821   1.40177   0.0044781
188   1.49252   1.40225   0.00448029
189   1.45477   1.40253   0.00446518
190   1.39087   1.40247   0.00444204
191   1.46226   1.40278   0.0044298
192   1.33279   1.40242   0.00442172
193   1.48761   1.40286   0.00442084
194   1.44696   1.40309   0.00440386
195   1.31454   1.40263   0.00440469
196   1.41926   1.40272   0.00438298
197   1.4708   1.40306   0.00437435
198   1.438   1.40324   0.00435577
199   1.37855   1.40312   0.0043356
200   1.39886   1.40309   0.00431392
