1   -7.54762   -7.54762   0
2   -7.55148   -7.54955   0.00192772
3   -7.54803   -7.54904   0.00122363
4   -7.53795   -7.54627   0.00290407
5   -7.54133   -7.54528   0.00245731
6   -7.53928   -7.54428   0.00224182
7   -7.53586   -7.54308   0.00224456
8   -7.52773   -7.54116   0.00273148
9   -7.54777   -7.54189   0.0025183
10   -7.54322   -7.54203   0.00225635
11   -7.5595   -7.54361   0.00258603
12   -7.56548   -7.54544   0.00298216
13   -7.53415   -7.54457   0.0028773
14   -7.54485   -7.54459   0.00266394
15   -7.55006   -7.54495   0.00250671
16   -7.56494   -7.5462   0.0026568
17   -7.55039   -7.54645   0.00250774
18   -7.53979   -7.54608   0.00239308
19   -7.5465   -7.5461   0.00226374
20   -7.55279   -7.54644   0.00217347
21   -7.55561   -7.54687   0.00211298
22   -7.5432   -7.54671   0.00202154
23   -7.54806   -7.54677   0.00193255
24   -7.52767   -7.54597   0.00201405
25   -7.55525   -7.54634   0.00196712
26   -7.5483   -7.54642   0.00189146
27   -7.5461   -7.5464   0.00182009
28   -7.55023   -7.54654   0.00175919
29   -7.56527   -7.54719   0.0018162
30   -7.55585   -7.54748   0.00177821
31   -7.54259   -7.54732   0.00172709
32   -7.54152   -7.54714   0.00168203
33   -7.55668   -7.54743   0.00165573
34   -7.54956   -7.54749   0.00160752
35   -7.54384   -7.54738   0.0015644
36   -7.5473   -7.54738   0.00152033
37   -7.55299   -7.54753   0.0014864
38   -7.53031   -7.54708   0.0015161
39   -7.55565   -7.5473   0.00149298
40   -7.54971   -7.54736   0.00145642
41   -7.54138   -7.54721   0.00142792
42   -7.54117   -7.54707   0.00140092
43   -7.54144   -7.54694   0.00137421
44   -7.54405   -7.54687   0.00134422
45   -7.54733   -7.54688   0.00131405
46   -7.5349   -7.54662   0.00131132
47   -7.54544   -7.5466   0.00128336
48   -7.55729   -7.54682   0.00127592
49   -7.55281   -7.54694   0.00125558
50   -7.55012   -7.54701   0.00123185
51   -7.53932   -7.54686   0.00121682
52   -7.55197   -7.54695   0.00119724
53   -7.53963   -7.54682   0.00118254
54   -7.54243   -7.54674   0.00116327
55   -7.56689   -7.5471   0.0011993
56   -7.54684   -7.5471   0.0011777
57   -7.54598   -7.54708   0.00115702
58   -7.53976   -7.54695   0.00114387
59   -7.54371   -7.5469   0.00112566
60   -7.5584   -7.54709   0.00112324
61   -7.56426   -7.54737   0.00113998
62   -7.54375   -7.54731   0.00112296
63   -7.53149   -7.54706   0.00113316
64   -7.53812   -7.54692   0.00112403
65   -7.54062   -7.54682   0.00111084
66   -7.54715   -7.54683   0.00109389
67   -7.54994   -7.54688   0.00107844
68   -7.55067   -7.54693   0.00106393
69   -7.55036   -7.54698   0.00104957
70   -7.54245   -7.54692   0.00103649
71   -7.54978   -7.54696   0.00102259
72   -7.52443   -7.54664   0.00105572
73   -7.54284   -7.54659   0.00104246
74   -7.55508   -7.54671   0.00103466
75   -7.53325   -7.54653   0.00103641
76   -7.55501   -7.54664   0.00102877
77   -7.54468   -7.54661   0.00101564
78   -7.54772   -7.54663   0.00100263
79   -7.53845   -7.54652   0.000995261
80   -7.54671   -7.54653   0.000982744
81   -7.54963   -7.54656   0.000971294
82   -7.5411   -7.5465   0.00096169
83   -7.54193   -7.54644   0.000951629
84   -7.55221   -7.54651   0.000942731
85   -7.54762   -7.54652   0.000931665
86   -7.55591   -7.54663   0.00092722
87   -7.55676   -7.54675   0.000923861
88   -7.53614   -7.54663   0.00092123
89   -7.54973   -7.54666   0.000911484
90   -7.55207   -7.54672   0.000903301
91   -7.55502   -7.54682   0.000897961
92   -7.55559   -7.54691   0.000893253
93   -7.53835   -7.54682   0.000888374
94   -7.53103   -7.54665   0.000894772
95   -7.53783   -7.54656   0.000890162
96   -7.55123   -7.54661   0.000882183
97   -7.552   -7.54666   0.00087481
98   -7.5535   -7.54673   0.000868644
99   -7.55199   -7.54678   0.000861466
100   -7.54933   -7.54681   0.000853188
101   -7.5495   -7.54684   0.000845117
102   -7.5456   -7.54682   0.000836878
103   -7.54433   -7.5468   0.000829069
104   -7.55167   -7.54685   0.00082239
105   -7.5365   -7.54675   0.000820458
106   -7.54118   -7.5467   0.000814377
107   -7.54093   -7.54664   0.000808528
108   -7.53379   -7.54652   0.000809804
109   -7.54211   -7.54648   0.000803361
110   -7.53809   -7.54641   0.000799676
111   -7.52666   -7.54623   0.000812169
112   -7.54919   -7.54625   0.000805319
113   -7.54992   -7.54629   0.000798821
114   -7.53575   -7.54619   0.000797161
115   -7.54923   -7.54622   0.000790638
116   -7.54427   -7.5462   0.000783974
117   -7.55172   -7.54625   0.000778672
118   -7.54908   -7.54628   0.000772417
119   -7.5459   -7.54627   0.000765906
120   -7.54515   -7.54626   0.000759554
121   -7.55069   -7.5463   0.000754139
122   -7.55943   -7.54641   0.000755638
123   -7.54768   -7.54642   0.000749542
124   -7.55382   -7.54648   0.000745864
125   -7.54168   -7.54644   0.000740868
126   -7.5615   -7.54656   0.000744625
127   -7.55119   -7.54659   0.000739637
128   -7.56062   -7.5467   0.000741967
129   -7.54572   -7.5467   0.000736232
130   -7.54521   -7.54669   0.000730636
131   -7.54223   -7.54665   0.000725833
132   -7.54788   -7.54666   0.000720373
133   -7.5491   -7.54668   0.000715171
134   -7.55044   -7.54671   0.000710368
135   -7.54845   -7.54672   0.000705204
136   -7.55662   -7.54679   0.000703776
137   -7.53856   -7.54673   0.000701199
138   -7.55244   -7.54677   0.000697328
139   -7.55702   -7.54685   0.00069621
140   -7.53178   -7.54674   0.000699546
141   -7.53833   -7.54668   0.000697123
142   -7.54007   -7.54663   0.000693759
143   -7.54631   -7.54663   0.000688894
144   -7.53924   -7.54658   0.000686017
145   -7.5429   -7.54656   0.000681742
146   -7.53674   -7.54649   0.000680388
147   -7.54399   -7.54647   0.000675957
148   -7.55938   -7.54656   0.000677016
149   -7.53589   -7.54649   0.000676261
150   -7.53159   -7.54639   0.000679037
151   -7.53964   -7.54634   0.000676001
152   -7.54362   -7.54632   0.000671779
153   -7.54332   -7.5463   0.000667662
154   -7.54413   -7.54629   0.000663463
155   -7.5555   -7.54635   0.000661839
156   -7.55043   -7.54638   0.000658103
157   -7.5465   -7.54638   0.000653898
158   -7.54058   -7.54634   0.000650783
159   -7.55139   -7.54637   0.000647456
160   -7.55226   -7.54641   0.000644447
161   -7.54108   -7.54638   0.000641285
162   -7.56026   -7.54646   0.000643052
163   -7.54952   -7.54648   0.000639369
164   -7.55573   -7.54654   0.000637955
165   -7.53346   -7.54646   0.000639009
166   -7.53681   -7.5464   0.000637804
167   -7.54607   -7.5464   0.000633976
168   -7.54543   -7.54639   0.000630218
169   -7.54903   -7.54641   0.000626673
170   -7.54178   -7.54638   0.000623569
171   -7.55018   -7.5464   0.00062031
172   -7.54462   -7.54639   0.00061678
173   -7.52921   -7.54629   0.000621198
174   -7.54881   -7.54631   0.000617787
175   -7.5413   -7.54628   0.000614913
176   -7.54477   -7.54627   0.000611469
177   -7.5446   -7.54626   0.000608078
178   -7.54214   -7.54624   0.000605095
179   -7.55064   -7.54626   0.000602208
180   -7.55221   -7.54629   0.000599765
181   -7.55218   -7.54633   0.000597329
182   -7.52379   -7.5462   0.000606809
183   -7.53989   -7.54617   0.00060447
184   -7.53688   -7.54612   0.000603293
185   -7.53934   -7.54608   0.000601141
186   -7.54946   -7.5461   0.000598177
187   -7.54057   -7.54607   0.000595703
188   -7.53849   -7.54603   0.000593898
189   -7.54995   -7.54605   0.000591111
190   -7.53162   -7.54597   0.000592879
191   -7.54317   -7.54596   0.00058995
192   -7.5415   -7.54594   0.000587329
193   -7.55301   -7.54597   0.000585425
194   -7.54223   -7.54595   0.00058272
195   -7.54801   -7.54596   0.00057982
196   -7.54296   -7.54595   0.000577058
197   -7.56061   -7.54602   0.000578923
198   -7.54224   -7.546   0.000576308
199   -7.55015   -7.54603   0.000573783
200   -7.56079   -7.5461   0.000575662
201   -7.54181   -7.54608   0.000573189
202   -7.55349   -7.54611   0.000571523
203   -7.54252   -7.5461   0.000568977
204   -7.56808   -7.5462   0.000576342
205   -7.5421   -7.54618   0.000573873
206   -7.53568   -7.54613   0.000573352
207   -7.54818   -7.54614   0.000570661
208   -7.537   -7.5461   0.00056961
209   -7.55069   -7.54612   0.000567303
210   -7.52962   -7.54604   0.000570037
211   -7.54389   -7.54603   0.000567421
212   -7.55286   -7.54607   0.000565655
213   -7.54968   -7.54608   0.000563249
214   -7.55068   -7.5461   0.000561022
215   -7.56016   -7.54617   0.000562222
216   -7.54168   -7.54615   0.000559999
217   -7.55386   -7.54618   0.000558544
218   -7.54113   -7.54616   0.000556458
219   -7.54995   -7.54618   0.000554181
220   -7.54291   -7.54616   0.000551857
221   -7.55244   -7.54619   0.000550087
222   -7.55642   -7.54624   0.000549539
223   -7.53743   -7.5462   0.000548492
224   -7.55152   -7.54622   0.000546554
225   -7.54303   -7.54621   0.000544304
226   -7.54326   -7.54619   0.000542048
227   -7.5514   -7.54622   0.000540141
228   -7.5433   -7.5462   0.000537919
229   -7.5479   -7.54621   0.000535616
230   -7.52554   -7.54612   0.000540801
231   -7.53793   -7.54609   0.000539621
232   -7.53105   -7.54602   0.000541186
233   -7.54604   -7.54602   0.000538858
234   -7.55244   -7.54605   0.000537251
235   -7.55134   -7.54607   0.000535434
236   -7.55715   -7.54612   0.000535223
237   -7.55137   -7.54614   0.000533421
238   -7.54708   -7.54614   0.00053119
239   -7.54581   -7.54614   0.000528965
240   -7.54839   -7.54615   0.000526839
241   -7.55006   -7.54617   0.000524899
242   -7.5405   -7.54615   0.00052325
243   -7.54762   -7.54615   0.000521127
244   -7.54834   -7.54616   0.000519065
245   -7.53774   -7.54613   0.000518082
246   -7.52931   -7.54606   0.000520478
247   -7.53028   -7.54599   0.000522288
248   -7.55322   -7.54602   0.000520993
249   -7.55376   -7.54605   0.000519825
250   -7.53853   -7.54602   0.000518615
