1   7.58682   7.58682   0
2   7.56995   7.57838   0.00843369
3   7.58117   7.57931   0.00495698
4   7.64186   7.59495   0.016025
5   7.62297   7.60055   0.0136191
6   7.63292   7.60595   0.0123592
7   7.65152   7.61246   0.0123079
8   7.69947   7.62333   0.0152287
9   7.58639   7.61923   0.0140439
10   7.61245   7.61855   0.0125795
11   7.52219   7.60979   0.0143603
12   7.4896   7.59977   0.0164972
13   7.66554   7.60483   0.0159964
14   7.60516   7.60486   0.0148098
15   7.57336   7.60276   0.0139461
16   7.49049   7.59574   0.0148127
17   7.57388   7.59445   0.0139734
18   7.62974   7.59641   0.0133193
19   7.5942   7.5963   0.0125993
20   7.56106   7.59454   0.0120819
21   7.54776   7.59231   0.011706
22   7.61518   7.59335   0.0112096
23   7.58308   7.5929   0.0107204
24   7.69881   7.59732   0.0111725
25   7.54356   7.59517   0.0109298
26   7.58531   7.59479   0.0105079
27   7.59496   7.59479   0.0101112
28   7.57342   7.59403   0.00977326
29   7.48935   7.59042   0.0100975
30   7.54299   7.58884   0.00988237
31   7.61205   7.58959   0.00958756
32   7.62022   7.59054   0.00933234
33   7.54161   7.58906   0.00916589
34   7.57525   7.58866   0.0089015
35   7.61214   7.58933   0.00866943
36   7.58922   7.58932   0.00842517
37   7.55673   7.58844   0.00824152
38   7.68101   7.59088   0.00838341
39   7.54203   7.58963   0.00826114
40   7.57547   7.58927   0.00805973
41   7.6229   7.59009   0.00790336
42   7.62164   7.59084   0.00774938
43   7.61964   7.59151   0.0075966
44   7.60555   7.59183   0.00742879
45   7.59165   7.59183   0.00726183
46   7.65876   7.59328   0.00724971
47   7.59835   7.59339   0.00709461
48   7.53342   7.59214   0.00705669
49   7.55826   7.59145   0.00694568
50   7.57475   7.59112   0.00681354
51   7.63017   7.59188   0.00672237
52   7.56262   7.59132   0.0066158
53   7.63462   7.59214   0.00654101
54   7.61637   7.59258   0.0064344
55   7.48024   7.59054   0.00663843
56   7.59105   7.59055   0.00651881
57   7.59807   7.59068   0.00640478
58   7.62757   7.59132   0.00632544
59   7.60999   7.59164   0.00622535
60   7.52532   7.59053   0.00621972
61   7.49654   7.58899   0.006308
62   7.60973   7.58932   0.00621444
63   7.67149   7.59063   0.00625252
64   7.64079   7.59141   0.00620376
65   7.6254   7.59193   0.00612991
66   7.59003   7.59191   0.00603639
67   7.57832   7.5917   0.00594907
68   7.57229   7.59142   0.00586788
69   7.57221   7.59114   0.00578891
70   7.61655   7.5915   0.00571715
71   7.57814   7.59131   0.00563919
72   7.71449   7.59302   0.00581753
73   7.61343   7.5933   0.0057441
74   7.54629   7.59267   0.00570145
75   7.6684   7.59368   0.00571484
76   7.54864   7.59309   0.0056702
77   7.60057   7.59318   0.00559692
78   7.58583   7.59309   0.0055255
79   7.63977   7.59368   0.00548702
80   7.59338   7.59368   0.005418
81   7.57846   7.59349   0.00535398
82   7.62781   7.59391   0.00530483
83   7.61737   7.59419   0.00524814
84   7.56431   7.59383   0.00519748
85   7.58988   7.59379   0.00513618
86   7.54502   7.59322   0.00510768
87   7.53887   7.5926   0.00508714
88   7.64756   7.59322   0.00506764
89   7.57747   7.59304   0.0050135
90   7.56088   7.59269   0.00497034
91   7.54972   7.59221   0.00493804
92   7.54602   7.59171   0.00490981
93   7.64274   7.59226   0.00488763
94   7.67986   7.59319   0.00492434
95   7.63826   7.59367   0.00489527
96   7.56601   7.59338   0.00485256
97   7.56138   7.59305   0.0048136
98   7.55481   7.59266   0.00478017
99   7.56481   7.59238   0.00474
100   7.57925   7.59225   0.00469419
101   7.57746   7.5921   0.00464979
102   7.60072   7.59218   0.00460475
103   7.60242   7.59228   0.00456091
104   7.56352   7.59201   0.0045253
105   7.64939   7.59255   0.00451518
106   7.62171   7.59283   0.00448083
107   7.6216   7.5931   0.0044469
108   7.66577   7.59377   0.00445662
109   7.616   7.59397   0.00442026
110   7.63696   7.59436   0.00439729
111   7.70461   7.59536   0.00446924
112   7.57779   7.5952   0.00443193
113   7.57348   7.59501   0.00439674
114   7.65112   7.5955   0.00438571
115   7.57889   7.59536   0.0043498
116   7.60524   7.59544   0.00431298
117   7.56477   7.59518   0.00428399
118   7.5798   7.59505   0.00424952
119   7.59498   7.59505   0.00421366
120   7.60191   7.59511   0.00417879
121   7.56843   7.59489   0.00414997
122   7.52285   7.59429   0.00415796
123   7.58267   7.5942   0.0041251
124   7.54987   7.59384   0.00410728
125   7.62097   7.59406   0.00408007
126   7.5144   7.59343   0.00409664
127   7.5657   7.59321   0.00407011
128   7.51728   7.59262   0.00408153
129   7.59766   7.59266   0.00404995
130   7.60218   7.59273   0.00401935
131   7.61609   7.59291   0.00399253
132   7.58532   7.59285   0.00396259
133   7.58021   7.59275   0.00393383
134   7.57327   7.59261   0.00390707
135   7.58123   7.59252   0.00387893
136   7.54041   7.59214   0.00386933
137   7.63399   7.59245   0.00385311
138   7.56246   7.59223   0.00383125
139   7.53743   7.59184   0.00382397
140   7.67878   7.59246   0.00384701
141   7.63436   7.59275   0.00383117
142   7.63143   7.59303   0.00381384
143   7.59691   7.59305   0.00378717
144   7.63379   7.59334   0.0037714
145   7.61512   7.59349   0.00374832
146   7.64712   7.59385   0.00374064
147   7.60401   7.59392   0.00371575
148   7.52283   7.59344   0.00372169
149   7.64882   7.59381   0.00371526
150   7.67426   7.59435   0.00372917
151   7.6349   7.59462   0.00371411
152   7.60997   7.59472   0.00369098
153   7.60971   7.59482   0.00366809
154   7.61035   7.59492   0.00364558
155   7.54453   7.59459   0.00363655
156   7.57836   7.59449   0.00361466
157   7.5971   7.59451   0.0035916
158   7.62638   7.59471   0.00357449
159   7.56619   7.59453   0.00355646
160   7.56591   7.59435   0.00353869
161   7.62523   7.59454   0.00352187
162   7.51924   7.59408   0.00353079
163   7.57572   7.59396   0.00351087
164   7.54189   7.59365   0.00350381
165   7.66352   7.59407   0.00350817
166   7.64631   7.59439   0.00350114
167   7.59649   7.5944   0.00348013
168   7.60159   7.59444   0.00345962
169   7.57848   7.59435   0.00344038
170   7.61857   7.59449   0.00342305
171   7.57574   7.59438   0.00340474
172   7.60711   7.59445   0.0033857
173   7.69463   7.59503   0.00341552
174   7.58212   7.59496   0.00339664
175   7.62223   7.59511   0.00338077
176   7.60445   7.59517   0.00336192
177   7.60486   7.59522   0.00334332
178   7.61708   7.59534   0.00332675
179   7.5695   7.5952   0.00331127
180   7.56341   7.59502   0.00329755
181   7.56157   7.59484   0.00328449
182   7.71716   7.59551   0.00333482
183   7.63118   7.59571   0.00332227
184   7.64843   7.59599   0.00331656
185   7.63329   7.59619   0.00330474
186   7.57753   7.59609   0.00328846
187   7.62959   7.59627   0.00327573
188   7.63848   7.5965   0.00326599
189   7.57521   7.59638   0.00325061
190   7.67785   7.59681   0.00326176
191   7.60801   7.59687   0.00324517
192   7.62246   7.597   0.00323097
193   7.55519   7.59679   0.00322148
194   7.6194   7.5969   0.00320695
195   7.58335   7.59684   0.00319122
196   7.61252   7.59692   0.0031759
197   7.51291   7.59649   0.00318838
198   7.61282   7.59657   0.00317331
199   7.57265   7.59645   0.00315961
200   7.51637   7.59605   0.00316917
201   7.62334   7.59619   0.00315629
202   7.55271   7.59597   0.00314799
203   7.61809   7.59608   0.00313434
204   7.47144   7.59547   0.00317822
205   7.61675   7.59557   0.00316438
206   7.65345   7.59585   0.00316149
207   7.59083   7.59583   0.00314627
208   7.64581   7.59607   0.00314032
209   7.57231   7.59596   0.00312732
210   7.68662   7.59639   0.00314219
211   7.60649   7.59644   0.00312763
212   7.56415   7.59628   0.00311657
213   7.57694   7.59619   0.00310323
214   7.56864   7.59606   0.00309138
215   7.52042   7.59571   0.00309701
216   7.62011   7.59583   0.00308471
217   7.55743   7.59565   0.00307555
218   7.62094   7.59576   0.00306361
219   7.57402   7.59567   0.00305121
220   7.61537   7.59575   0.00303863
221   7.55975   7.59559   0.00302923
222   7.53936   7.59534   0.00302617
223   7.64344   7.59555   0.00302028
224   7.56568   7.59542   0.00300973
225   7.61168   7.59549   0.00299719
226   7.60984   7.59556   0.00298457
227   7.56724   7.59543   0.00297401
228   7.61603   7.59552   0.00296232
229   7.58315   7.59547   0.00294985
230   7.70774   7.59596   0.00297728
231   7.64003   7.59615   0.0029705
232   7.67419   7.59648   0.00297674
233   7.59512   7.59648   0.00296394
234   7.5624   7.59633   0.00295484
235   7.56579   7.5962   0.0029451
236   7.53731   7.59595   0.0029432
237   7.56851   7.59584   0.00293304
238   7.59141   7.59582   0.00292075
239   7.60306   7.59585   0.00290866
240   7.58115   7.59579   0.00289716
241   7.5766   7.59571   0.00288621
242   7.62968   7.59585   0.00287769
243   7.5879   7.59582   0.00286601
244   7.58324   7.59576   0.0028547
245   7.64205   7.59595   0.0028493
246   7.69039   7.59634   0.00286354
247   7.68509   7.5967   0.00287447
248   7.55756   7.59654   0.0028672
249   7.55362   7.59637   0.00286086
250   7.63813   7.59653   0.00285429
