250   0   0.0230664   0   0
250   0.0230664   0.0461329   0   0
250   0.0461329   0.0691993   0   0
250   0.0691993   0.0922657   0   0
250   0.0922657   0.115332   0   0
250   0.115332   0.138399   0   0
250   0.138399   0.161465   0   0
250   0.161465   0.184531   0   0
250   0.184531   0.207598   0   0
250   0.207598   0.230664   0   0
250   0.230664   0.253731   0   0
250   0.253731   0.276797   0   0
250   0.276797   0.299864   0   0
250   0.299864   0.32293   0   0
250   0.32293   0.345996   0   0
250   0.345996   0.369063   0   0
250   0.369063   0.392129   0   0
250   0.392129   0.415196   0   0
250   0.415196   0.438262   0   0
250   0.438262   0.461329   0   0
250   0.461329   0.484395   0   0
250   0.484395   0.507461   0   0
250   0.507461   0.530528   0   0
250   0.530528   0.553594   0   0
250   0.553594   0.576661   0   0
250   0.576661   0.599727   0   0
250   0.599727   0.622794   0   0
250   0.622794   0.64586   0   0
250   0.64586   0.668926   0   0
250   0.668926   0.691993   0   0
250   0.691993   0.715059   0   0
250   0.715059   0.738126   0   0
250   0.738126   0.761192   0   0
250   0.761192   0.784259   0   0
250   0.784259   0.807325   0   0
250   0.807325   0.830391   0   0
250   0.830391   0.853458   0   0
250   0.853458   0.876524   3.1048e-07   2.19102e-07
250   0.876524   0.899591   7.86481e-05   6.61856e-06
250   0.899591   0.922657   0.00336728   3.5855e-05
250   0.922657   0.945724   0.0472655   0.000138914
250   0.945724   0.96879   0.293512   0.000459225
250   0.96879   0.991856   1.00743   0.000901355
250   0.991856   1.01492   2.24226   0.0010603
250   1.01492   1.03799   3.62586   0.001005
250   1.03799   1.06106   4.61785   0.00116224
250   1.06106   1.08412   4.8964   0.00145691
250   1.08412   1.10719   4.48986   0.00153495
250   1.10719   1.13026   3.65656   0.00123148
250   1.13026   1.15332   2.69366   0.000926174
250   1.15332   1.17639   1.81615   0.000614318
250   1.17639   1.19945   1.13132   0.000589237
250   1.19945   1.22252   0.654672   0.000550056
250   1.22252   1.24559   0.353446   0.000420256
250   1.24559   1.26865   0.18025   0.000339682
250   1.26865   1.29172   0.0888345   0.00025307
250   1.29172   1.31479   0.0492698   0.000186046
250   1.31479   1.33785   0.0423139   0.000176633
250   1.33785   1.36092   0.0611515   0.000198624
250   1.36092   1.38399   0.106177   0.000242465
250   1.38399   1.40705   0.184471   0.000294807
250   1.40705   1.43012   0.30014   0.000319312
250   1.43012   1.45319   0.453175   0.00028674
250   1.45319   1.47625   0.627719   0.000316273
250   1.47625   1.49932   0.796491   0.000408748
250   1.49932   1.52238   0.92168   0.000510756
250   1.52238   1.54545   0.970933   0.000593119
250   1.54545   1.56852   0.929152   0.000549843
250   1.56852   1.59158   0.808497   0.000431038
250   1.59158   1.61465   0.641157   0.000286141
250   1.61465   1.63772   0.465428   0.000235038
250   1.63772   1.66078   0.316982   0.000284668
250   1.66078   1.68385   0.219604   0.000335597
250   1.68385   1.70692   0.192046   0.000385083
250   1.70692   1.72998   0.25539   0.00047834
250   1.72998   1.75305   0.434114   0.000560717
250   1.75305   1.77612   0.749946   0.000592568
250   1.77612   1.79918   1.19793   0.000481569
250   1.79918   1.82225   1.72807   0.000383618
250   1.82225   1.84531   2.23527   0.000605225
250   1.84531   1.86838   2.59558   0.000894148
250   1.86838   1.89145   2.71242   0.00104488
250   1.89145   1.91451   2.55745   0.00102563
250   1.91451   1.93758   2.18044   0.000691699
250   1.93758   1.96065   1.68986   0.000403928
250   1.96065   1.98371   1.20135   0.000359843
250   1.98371   2.00678   0.80211   0.000506304
250   2.00678   2.02985   0.542901   0.000564918
250   2.02985   2.05291   0.434553   0.000554025
250   2.05291   2.07598   0.461616   0.000478182
250   2.07598   2.09905   0.587223   0.000341373
250   2.09905   2.12211   0.75824   0.00022517
250   2.12211   2.14518   0.917581   0.000283786
250   2.14518   2.16824   1.01332   0.000395416
250   2.16824   2.19131   1.02111   0.000454877
250   2.19131   2.21438   0.919064   0.000360057
250   2.21438   2.23744   0.780714   0.000215059
250   2.23744   2.26051   0.653871   0.000311583
250   2.26051   2.28358   0.572377   0.000465374
250   2.28358   2.30664   0.573578   0.000576491
